162460	8.002882480621338
228221	9.956494808197021
285476	12.239150047302246
335624	14.602584838867188
348576	16.7576265335083
291001	16.83745503425598
238281	12.532873153686523
197697	12.130995512008667
199244	8.197125673294067
263408	12.067590236663818
321208	12.600913763046265
372058	18.681900024414062
387243	17.210245370864868
331415	15.361644506454468
278464	14.893637418746948
237464	12.594985961914062
236216	10.70845913887024
296232	12.57193899154663
354569	16.80586528778076
354569	15.485925436019897
70383	4.593879699707031
61794	2.738682746887207
54080	4.507866144180298
49125	2.6406023502349854
16937	0.639763355255127
15263	0.40740537643432617
14569	0.39757776260375977
15991	0.3071467876434326
17741	0.4168550968170166
19710	0.4196891784667969
21024	0.4378800392150879
20129	0.44002652168273926
18704	0.3368978500366211
16919	0.42006874084472656
16031	0.41646862030029297
16678	0.3134891986846924
16678	0.40683960914611816
70383	1.8061280250549316
61794	1.787003517150879
54080	1.4579126834869385
49125	1.673088550567627
53607	1.3594226837158203
63366	1.3977315425872803
71984	1.4656226634979248
79361	1.8363149166107178
77707	2.1931982040405273
69520	1.8875181674957275
61904	1.5033519268035889
56636	1.7191669940948486
60724	1.4060719013214111
69277	1.7797422409057617
77706	1.8306756019592285
85019	1.8712623119354248
82986	1.6131694316864014
75514	1.8552498817443848
68069	1.8579535484313965
63261	1.7793524265289307
63261	1.4540894031524658
153612	4.330599308013916
192760	5.643752336502075
226682	5.924781560897827
255556	6.724530220031738
227127	6.803215265274048
191576	6.040606260299683
161551	5.731220483779907
144088	4.442647457122803
179485	5.038816213607788
217171	6.363616466522217
251321	6.463195323944092
280457	7.463483572006226
252528	7.42313814163208
252528	6.817748069763184
45453	1.139280080795288
68554	1.7724723815917969
88855	1.954897403717041
105732	2.0846946239471436
106471	2.366328716278076
85403	2.3038628101348877
65804	1.9202113151550293
50176	1.5296034812927246
43072	1.429368495941162
54693	1.4569060802459717
77755	1.8408546447753906
97648	1.9816501140594482
113658	2.4642322063446045
109920	2.431605577468872
109920	2.6980643272399902
162460	6.903797388076782
228221	8.059706449508667
285476	9.504036664962769
335624	11.723382711410522
348576	11.13939642906189
291001	12.092848777770996
238281	10.54059624671936
197697	9.321887493133545
199244	4.392460346221924
263408	9.300377130508423
321208	11.104413270950317
372058	12.22520899772644
387243	12.34320855140686
331415	13.225792646408081
278464	11.800265550613403
237464	9.6649649143219
236216	8.492621660232544
296232	9.732979774475098
354569	12.07288670539856
354569	12.965156316757202
70383	1.848423719406128
61794	1.8217248916625977
54080	1.8104023933410645
49125	1.457970142364502
53607	1.13783597946167
63366	1.7838563919067383
71984	1.8859517574310303
79361	1.9617278575897217
77707	1.7382946014404297
69520	1.9999001026153564
61904	1.63922119140625
56636	1.8530120849609375
60724	1.5816900730133057
69277	1.932936668395996
77706	1.9915919303894043
85019	2.063955783843994
82986	2.428572654724121
75514	2.0861446857452393
68069	2.090956449508667
63261	1.6422932147979736
63261	1.9180998802185059
45453	1.1193263530731201
68554	1.7369732856750488
88855	1.9120731353759766
105732	2.057417869567871
106471	2.678839683532715
85403	2.109835386276245
65804	1.9511818885803223
50176	1.7828991413116455
43072	0.9389858245849609
54693	1.4329643249511719
77755	1.5649914741516113
97648	2.248877763748169
113658	2.428922653198242
109920	2.751847505569458
109920	2.5015032291412354
153612	4.266743898391724
192760	5.122503042221069
226682	6.428960800170898
255556	6.765610218048096
227127	6.729788064956665
191576	5.5185387134552
161551	5.686022043228149
144088	4.439520835876465
179485	3.0226099491119385
217171	5.8286356925964355
251321	6.1942527294158936
280457	7.47134256362915
252528	7.080012559890747
252528	6.9591004848480225
16937	0.4225494861602783
15263	0.4456641674041748
14569	0.3139994144439697
15991	0.41378140449523926
17741	0.4380061626434326
19710	0.4457526206970215
21024	0.4778752326965332
20129	0.37863826751708984
18704	0.45176053047180176
16919	0.43953776359558105
16031	0.45476293563842773
16678	0.34067845344543457
16678	0.4367942810058594
162460	6.8252856731414795
228221	8.040996074676514
285476	10.345742464065552
335624	10.813458681106567
348576	12.289607048034668
291001	12.03497838973999
238281	9.758106231689453
197697	9.325861930847168
199244	6.500436782836914
263408	9.55017638206482
321208	9.982979536056519
372058	13.241842985153198
387243	13.570873260498047
331415	13.376237630844116
278464	12.259304761886597
237464	9.095581293106079
236216	8.837808847427368
296232	9.97016453742981
354569	11.459259033203125
354569	13.616064310073853
162460	6.822860479354858
228221	8.19364881515503
285476	9.60800051689148
335624	10.929983615875244
348576	12.232571601867676
291001	12.351826429367065
238281	11.185996294021606
197697	9.727757453918457
199244	5.904206275939941
263408	9.898028373718262
321208	12.61318564414978
372058	12.895313262939453
387243	13.831647157669067
331415	13.957407474517822
278464	12.346290349960327
237464	10.189191818237305
236216	9.108708143234253
296232	10.311677932739258
354569	11.747695446014404
354569	14.125330448150635
45453	1.378382921218872
68554	1.770336627960205
88855	1.9586400985717773
105732	2.0926640033721924
106471	2.4314301013946533
85403	2.380625009536743
65804	1.9221081733703613
50176	1.5435724258422852
43072	1.2094414234161377
54693	1.4864723682403564
77755	1.8263061046600342
97648	2.277742862701416
113658	2.1752400398254395
109920	2.709925413131714
109920	2.5205254554748535
153612	4.352329969406128
192760	5.179892539978027
226682	6.004997730255127
255556	7.047160625457764
227127	7.993960618972778
191576	5.9690070152282715
161551	6.128664493560791
144088	4.655232667922974
179485	3.983518362045288
217171	6.7544941902160645
251321	6.829518795013428
280457	7.4274070262908936
252528	7.505414962768555
252528	8.00037932395935
16937	0.4450976848602295
15263	0.3179163932800293
14569	0.4051370620727539
15991	0.4229743480682373
17741	0.32153964042663574
19710	0.44323253631591797
21024	0.46261024475097656
20129	0.4574592113494873
18704	0.4441814422607422
16919	0.33151698112487793
16031	0.42195677757263184
16678	0.41341304779052734
16678	0.41965532302856445
70383	1.8212649822235107
61794	1.8147602081298828
54080	1.4325523376464844
49125	1.3503022193908691
53607	1.3512563705444336
63366	1.706848382949829
71984	1.8034253120422363
79361	1.5943827629089355
77707	1.302579641342163
69520	2.1570475101470947
61904	1.5211315155029297
56636	1.8022112846374512
60724	1.4673795700073242
69277	1.52231764793396
77706	1.8697257041931152
85019	2.2788281440734863
82986	2.048236131668091
75514	2.0060646533966064
68069	2.004617214202881
63261	1.6057219505310059
63261	1.9832100868225098
162460	6.895989656448364
228221	8.218194484710693
285476	9.590358972549438
335624	10.991288900375366
348576	12.293524265289307
291001	12.044623374938965
238281	9.778804302215576
197697	8.467382669448853
199244	8.201385736465454
263408	9.40277647972107
321208	10.81968069076538
372058	12.259586811065674
387243	12.661752462387085
331415	12.316123485565186
278464	12.033296346664429
237464	9.65922999382019
236216	7.609477758407593
296232	9.609760522842407
354569	12.929489850997925
354569	12.348716020584106
70383	1.8556768894195557
61794	1.5050325393676758
54080	1.7524223327636719
49125	1.388514518737793
53607	1.3916339874267578
63366	1.442934513092041
71984	1.8050620555877686
79361	1.9118249416351318
77707	1.7691943645477295
69520	2.0564913749694824
61904	1.6018035411834717
56636	1.9491863250732422
60724	1.6424999237060547
69277	1.9653229713439941
77706	1.983933687210083
85019	2.1047890186309814
82986	2.0817558765411377
75514	2.377894163131714
68069	2.005636215209961
63261	1.6106534004211426
63261	1.923875331878662
153612	4.418670415878296
192760	5.72120213508606
226682	6.145564794540405
255556	6.642219066619873
227127	6.86122727394104
191576	6.2608397006988525
161551	6.020012855529785
144088	4.67123556137085
179485	5.239429712295532
217171	6.640758514404297
251321	6.431392669677734
280457	7.682994604110718
252528	7.837882041931152
252528	7.121987581253052
45453	1.126215934753418
68554	1.7714314460754395
88855	1.914146900177002
105732	2.064267873764038
106471	2.420588493347168
85403	2.392610788345337
65804	2.025655746459961
50176	1.5660090446472168
43072	1.4700016975402832
54693	1.4392352104187012
77755	1.821540355682373
97648	2.023115634918213
113658	2.409080743789673
109920	2.4871582984924316
109920	2.747483253479004
16937	0.4319427013397217
15263	0.31504392623901367
14569	0.40757107734680176
15991	0.4222257137298584
17741	0.43050694465637207
19710	0.3452422618865967
21024	0.457303524017334
20129	0.4585597515106201
18704	0.45008182525634766
16919	0.4450531005859375
16031	0.3301677703857422
16678	0.4340243339538574
16678	0.43287086486816406
70383	1.9656198024749756
61794	1.9118740558624268
54080	1.4356534481048584
49125	1.3964381217956543
53607	1.3769817352294922
63366	1.7568879127502441
71984	1.4980921745300293
79361	1.8676567077636719
77707	2.105747938156128
69520	1.9025766849517822
61904	1.6238124370574951
56636	1.8222134113311768
60724	1.4536166191101074
69277	1.4614055156707764
77706	1.8394968509674072
85019	1.9404401779174805
82986	1.9123821258544922
75514	1.940126657485962
68069	1.8732554912567139
63261	1.5122380256652832
63261	1.8439247608184814
162460	6.828266620635986
228221	7.997206449508667
285476	10.452446699142456
335624	10.833464622497559
348576	12.077288627624512
291001	12.079932451248169
238281	10.755453824996948
197697	8.42668342590332
199244	8.187758207321167
263408	9.416975021362305
321208	10.82243824005127
372058	13.268844604492188
387243	12.730840921401978
331415	13.637885093688965
278464	11.35553526878357
237464	9.95494532585144
236216	7.83887243270874
296232	10.951445817947388
354569	13.195469856262207
354569	12.642240047454834
45453	1.139723300933838
68554	1.759068250656128
88855	1.9191186428070068
105732	2.1261515617370605
106471	2.6698145866394043
85403	2.0879979133605957
65804	1.915076494216919
50176	1.543863296508789
43072	1.193856954574585
54693	1.4753053188323975
77755	1.8334133625030518
97648	2.003253936767578
113658	2.3922581672668457
109920	2.694931745529175
109920	2.431434154510498
153612	4.333244323730469
192760	5.765635013580322
226682	6.064787864685059
255556	6.810860872268677
227127	6.887643814086914
191576	6.340579271316528
161551	5.535846710205078
144088	4.75516152381897
179485	4.789873123168945
217171	6.167527198791504
251321	7.0329344272613525
280457	7.217424392700195
252528	7.7971110343933105
252528	7.203665256500244
16937	0.43122076988220215
15263	0.4165947437286377
14569	0.312150239944458
15991	0.41731929779052734
17741	0.43822693824768066
19710	0.45094871520996094
21024	0.4678201675415039
20129	0.47217774391174316
18704	0.4560685157775879
16919	0.45122408866882324
16031	0.4385700225830078
16678	0.3335275650024414
16678	0.44609808921813965
16937	0.4234466552734375
15263	0.41416144371032715
14569	0.3054053783416748
15991	0.41675472259521484
17741	0.42926621437072754
19710	0.44271159172058105
21024	0.46166563034057617
20129	0.35370755195617676
18704	0.4431169033050537
16919	0.429279088973999
16031	0.42016172409057617
16678	0.3190586566925049
16678	0.4214658737182617
153612	4.27620005607605
192760	5.1035449504852295
226682	5.875935316085815
255556	6.613534927368164
227127	6.6916890144348145
191576	5.517413854598999
161551	5.713217496871948
144088	4.502231121063232
179485	3.565548896789551
217171	6.389127016067505
251321	6.219164133071899
280457	7.486002683639526
252528	7.592309951782227
252528	7.082101583480835
70383	1.8703384399414062
61794	1.8374288082122803
54080	1.798475980758667
49125	1.4082434177398682
53607	1.1054887771606445
63366	1.7822182178497314
71984	1.5542442798614502
79361	2.2741994857788086
77707	1.3963091373443604
69520	2.2826297283172607
61904	1.6251530647277832
56636	1.8797578811645508
60724	1.5812618732452393
69277	1.6270174980163574
77706	2.0054636001586914
85019	2.401308059692383
82986	2.1283416748046875
75514	2.0972628593444824
68069	1.996849775314331
63261	1.6536693572998047
63261	1.9668045043945312
45453	1.362504243850708
68554	1.741300344467163
88855	1.914994239807129
105732	2.055765151977539
106471	2.6231861114501953
85403	2.0739800930023193
65804	1.9102413654327393
50176	1.7895092964172363
43072	1.425766944885254
54693	1.4437720775604248
77755	1.586338996887207
97648	2.2420003414154053
113658	2.141988515853882
109920	2.7057487964630127
109920	2.702680826187134
162460	7.769842624664307
228221	7.173931837081909
285476	10.378741979598999
335624	10.834324598312378
348576	13.017056941986084
291001	12.483459949493408
238281	9.994699716567993
197697	10.337239980697632
199244	5.9273340702056885
263408	9.63883090019226
321208	12.041918277740479
372058	12.758346319198608
387243	13.665476083755493
331415	13.807411432266235
278464	13.018175840377808
237464	10.377753496170044
236216	8.829753398895264
296232	10.029582738876343
354569	11.624988079071045
354569	13.575273036956787
16937	0.4272489547729492
15263	0.32418322563171387
14569	0.4337794780731201
15991	0.44888734817504883
17741	0.45690226554870605
19710	0.3406341075897217
21024	0.45324134826660156
20129	0.4559602737426758
18704	0.44783687591552734
16919	0.44274282455444336
16031	0.3276834487915039
16678	0.44258880615234375
16678	0.45403504371643066
70383	1.8514723777770996
61794	1.8010952472686768
54080	1.4491779804229736
49125	1.3876159191131592
53607	1.3823413848876953
63366	1.7251570224761963
71984	1.4909768104553223
79361	1.8587615489959717
77707	2.215569019317627
69520	1.9030587673187256
61904	1.5182571411132812
56636	1.769721269607544
60724	1.454899549484253
69277	1.7858026027679443
77706	1.9036123752593994
85019	1.9340791702270508
82986	1.651761770248413
75514	1.9411232471466064
68069	1.8597586154937744
63261	1.8447084426879883
63261	1.4748167991638184
153612	4.336345911026001
192760	5.734350919723511
226682	5.982350826263428
255556	6.804603815078735
227127	6.812653541564941
191576	6.0203635692596436
161551	5.789027452468872
144088	4.5227272510528564
179485	5.098407506942749
217171	6.446437835693359
251321	6.291219711303711
280457	7.579572677612305
252528	7.5999109745025635
252528	6.956865549087524
162460	6.935039281845093
228221	8.129523038864136
285476	9.546038627624512
335624	10.959752559661865
348576	12.13179898262024
291001	12.02382206916809
238281	10.652873754501343
197697	8.377649545669556
199244	8.149081707000732
263408	9.308182001113892
321208	10.69904088973999
372058	12.092296600341797
387243	12.501725435256958
331415	13.201208591461182
278464	11.801404476165771
237464	8.593642473220825
236216	8.489356994628906
296232	9.67395305633545
354569	11.061341047286987
354569	14.08510947227478
45453	1.409146785736084
68554	1.5144925117492676
88855	2.233126640319824
105732	2.0756030082702637
106471	2.7381367683410645
85403	2.114030599594116
65804	1.949653148651123
50176	1.5426239967346191
43072	1.218554973602295
54693	1.4441916942596436
77755	1.8456144332885742
97648	2.0060112476348877
113658	2.4062445163726807
109920	2.7268645763397217
109920	2.47941517829895
153612	4.511271953582764
192760	5.231253147125244
226682	6.044715881347656
255556	6.6905357837677
227127	6.841751337051392
191576	6.558623313903809
161551	5.270510673522949
144088	4.5802929401397705
179485	4.061662912368774
217171	5.932960033416748
251321	6.915534734725952
280457	7.211749076843262
252528	8.020371675491333
252528	7.339964151382446
162460	6.872472763061523
228221	9.045114040374756
285476	9.448561191558838
335624	10.907325029373169
348576	12.260792255401611
291001	12.168727397918701
238281	10.63918161392212
197697	8.535669565200806
199244	4.62536358833313
263408	9.516587257385254
321208	10.876813173294067
372058	12.432111024856567
387243	13.662934064865112
331415	13.60287094116211
278464	12.139551639556885
237464	9.825456142425537
236216	8.697227716445923
296232	9.870540380477905
354569	11.416622638702393
354569	13.559561729431152
70383	1.9151148796081543
61794	1.5506274700164795
54080	1.7939398288726807
49125	1.1228978633880615
53607	1.7505614757537842
63366	1.501535177230835
71984	1.609861135482788
79361	2.318577527999878
77707	1.6868901252746582
69520	1.6920981407165527
61904	1.9786345958709717
56636	1.6037707328796387
60724	1.944441318511963
69277	1.6718251705169678
77706	2.009875774383545
85019	2.1834475994110107
82986	2.289433479309082
75514	2.295205593109131
68069	2.0477488040924072
63261	1.6406214237213135
63261	1.9110119342803955
16937	0.4341878890991211
15263	0.4217529296875
14569	0.31398701667785645
15991	0.41686320304870605
17741	0.43454504013061523
19710	0.4374208450317383
21024	0.46134376525878906
20129	0.3672330379486084
18704	0.46659374237060547
16919	0.44672298431396484
16031	0.3278849124908447
16678	0.4381425380706787
16678	0.4443483352661133
45453	1.135357141494751
68554	1.7381749153137207
88855	1.9401638507843018
105732	2.3752567768096924
106471	2.4067208766937256
85403	2.073146343231201
65804	1.9626390933990479
50176	1.7614350318908691
43072	0.9404544830322266
54693	1.4372127056121826
77755	1.8221583366394043
97648	2.2910118103027344
113658	2.4297282695770264
109920	2.4736762046813965
109920	2.48476243019104
16937	0.33788251876831055
15263	0.434251070022583
14569	0.4066352844238281
15991	0.4131357669830322
17741	0.3206636905670166
19710	0.43383216857910156
21024	0.4424715042114258
20129	0.44846343994140625
18704	0.36518430709838867
16919	0.43299031257629395
16031	0.42723679542541504
16678	0.42774248123168945
16678	0.3237626552581787
162460	6.905329704284668
228221	8.1256844997406
285476	9.747241020202637
335624	11.096123933792114
348576	13.419864654541016
291001	12.836241960525513
238281	11.228978395462036
197697	8.72424864768982
199244	5.828474998474121
263408	9.912376880645752
321208	11.470343589782715
372058	12.908957242965698
387243	15.018951654434204
331415	14.080146551132202
278464	13.08324646949768
237464	9.108443021774292
236216	7.185515880584717
296232	10.915726900100708
354569	13.197553873062134
354569	12.914305448532104
153612	4.533903360366821
192760	5.486588001251221
226682	6.334722995758057
255556	7.137734413146973
227127	7.019802093505859
191576	6.748466730117798
161551	5.581878662109375
144088	4.9083592891693115
179485	4.3361899852752686
217171	6.495684862136841
251321	7.165710687637329
280457	7.495750427246094
252528	8.255750894546509
252528	7.64453911781311
70383	1.966740608215332
61794	1.939058542251587
54080	1.5556604862213135
49125	1.8590247631072998
53607	1.5218794345855713
63366	1.6067531108856201
71984	2.1977996826171875
79361	2.0630855560302734
77707	1.7788455486297607
69520	2.050873041152954
61904	2.0144925117492676
56636	1.589918613433838
60724	1.60738205909729
69277	1.9452879428863525
77706	2.0518975257873535
85019	2.1317522525787354
82986	2.152432441711426
75514	2.1352639198303223
68069	2.0662662982940674
63261	2.0390307903289795
63261	1.634871006011963
45453	1.1709797382354736
68554	1.7862069606781006
88855	1.934138536453247
105732	2.0777323246002197
106471	2.6959478855133057
85403	2.1005218029022217
65804	1.951169729232788
50176	1.5445289611816406
43072	1.2089259624481201
54693	1.471454381942749
77755	1.8842215538024902
97648	2.0193066596984863
113658	2.3997392654418945
109920	2.7102084159851074
109920	2.441462993621826
45453	1.1364333629608154
68554	1.78617262840271
88855	1.9245812892913818
105732	2.3529820442199707
106471	2.429267406463623
85403	2.3532536029815674
65804	1.9776256084442139
50176	1.5499615669250488
43072	1.4322788715362549
54693	1.442690134048462
77755	1.827430248260498
97648	2.025965929031372
113658	2.3964405059814453
109920	2.4658353328704834
109920	2.705141544342041
16937	0.44202423095703125
15263	0.314892053604126
14569	0.403611421585083
15991	0.40610742568969727
17741	0.4225001335144043
19710	0.3334465026855469
21024	0.4548158645629883
20129	0.45838475227355957
18704	0.4484274387359619
16919	0.4250674247741699
16031	0.32360243797302246
16678	0.4170651435852051
16678	0.4172556400299072
153612	4.26450777053833
192760	5.081836700439453
226682	6.390246152877808
255556	6.106313467025757
227127	6.705771446228027
191576	6.028888463973999
161551	5.3081982135772705
144088	4.649518013000488
179485	5.192770004272461
217171	5.939184188842773
251321	6.327266693115234
280457	7.636528253555298
252528	7.193058967590332
252528	6.970997333526611
162460	6.740912675857544
228221	8.045883178710938
285476	9.488966941833496
335624	10.808099269866943
348576	12.1798095703125
291001	12.128578424453735
238281	10.80577039718628
197697	9.46636176109314
199244	5.611979246139526
263408	9.510273456573486
321208	11.965267419815063
372058	12.51858925819397
387243	13.631945610046387
331415	13.535168886184692
278464	12.120702266693115
237464	9.87288236618042
236216	8.78835129737854
296232	9.911401271820068
354569	11.324574708938599
354569	13.555468797683716
70383	1.8819406032562256
61794	1.526496410369873
54080	1.7755608558654785
49125	1.1199946403503418
53607	1.739060878753662
63366	1.4764621257781982
71984	1.542640209197998
79361	2.289135217666626
77707	1.7080590724945068
69520	1.6496007442474365
61904	1.9311988353729248
56636	1.5570824146270752
60724	1.9041519165039062
69277	1.6138782501220703
77706	1.9925079345703125
85019	2.0662591457366943
82986	2.1046833992004395
75514	2.0414421558380127
68069	1.9762637615203857
63261	1.6387174129486084
63261	1.9279680252075195
45453	1.1330609321594238
68554	1.774397850036621
88855	1.9658162593841553
105732	2.1138927936553955
106471	2.686065196990967
85403	2.086581230163574
65804	1.9085302352905273
50176	1.797959566116333
43072	0.9403641223907471
54693	1.4374871253967285
77755	1.5681679248809814
97648	2.2438418865203857
113658	2.397857904434204
109920	2.748380422592163
109920	2.518528938293457
162460	6.872188329696655
228221	8.03199315071106
285476	10.37989592552185
335624	10.927801370620728
348576	12.136516571044922
291001	12.030792951583862
238281	10.800904750823975
197697	8.469686508178711
199244	8.265508890151978
263408	9.43888258934021
321208	10.951174974441528
372058	12.298903703689575
387243	13.521610498428345
331415	13.487704038619995
278464	12.17417311668396
237464	10.843043327331543
236216	6.971042633056641
296232	9.840431451797485
354569	13.236565828323364
354569	12.60625147819519
16937	0.42563414573669434
15263	0.4152963161468506
14569	0.31098127365112305
15991	0.415635347366333
17741	0.4255814552307129
19710	0.4470083713531494
21024	0.44885873794555664
20129	0.3611421585083008
18704	0.4465463161468506
16919	0.4318504333496094
16031	0.4300048351287842
16678	0.32538414001464844
16678	0.42777252197265625
153612	4.833803415298462
192760	4.624275207519531
226682	6.391931533813477
255556	6.12439227104187
227127	7.2059245109558105
191576	5.479312896728516
161551	5.786046028137207
144088	4.673206567764282
179485	4.159937381744385
217171	5.9336981773376465
251321	6.747717618942261
280457	7.035942316055298
252528	7.5796027183532715
252528	6.951460361480713
70383	1.8886911869049072
61794	1.8311753273010254
54080	1.4474451541900635
49125	1.3975234031677246
53607	1.4304449558258057
63366	1.782127857208252
71984	1.509575366973877
79361	1.8903822898864746
77707	1.3133344650268555
69520	1.9014673233032227
61904	1.834937334060669
56636	1.802281379699707
60724	1.4935390949249268
69277	1.8792898654937744
77706	1.9034032821655273
85019	2.019761323928833
82986	2.013913631439209
75514	1.9922220706939697
68069	1.8850440979003906
63261	1.5446298122406006
63261	1.8699946403503418
45453	1.3914926052093506
68554	1.5067729949951172
88855	2.189056873321533
105732	2.0644500255584717
106471	2.4317715167999268
85403	2.33447265625
65804	1.9285266399383545
50176	1.5328898429870605
43072	1.443289041519165
54693	1.434105396270752
77755	1.8201346397399902
97648	2.002937078475952
113658	2.398916006088257
109920	2.6949973106384277
109920	2.4676125049591064
70383	1.869236946105957
61794	1.8242714405059814
54080	1.4623820781707764
49125	1.4135358333587646
53607	1.391878604888916
63366	1.4470343589782715
71984	1.81217622756958
79361	1.8986451625823975
77707	1.598632574081421
69520	1.8788323402404785
61904	1.821394681930542
56636	1.4459517002105713
60724	1.7746915817260742
69277	1.493948221206665
77706	1.8620030879974365
85019	1.9158995151519775
82986	1.9530270099639893
75514	1.9550206661224365
68069	1.8596835136413574
63261	1.507075309753418
63261	1.8110506534576416
153612	4.393556118011475
192760	5.184222221374512
226682	5.974850416183472
255556	6.198984146118164
227127	7.267362594604492
191576	5.500857353210449
161551	5.749969244003296
144088	4.513909816741943
179485	4.033649206161499
217171	5.870946168899536
251321	6.6791136264801025
280457	6.962062120437622
252528	7.506730794906616
252528	6.924546480178833
162460	6.880107402801514
228221	8.050068378448486
285476	9.415122985839844
335624	10.863293886184692
348576	12.119141817092896
291001	11.844804763793945
238281	10.486724138259888
197697	8.242950439453125
199244	8.000872135162354
263408	9.257564544677734
321208	10.621888399124146
372058	11.970421552658081
387243	12.269644498825073
331415	13.13921070098877
278464	11.668314695358276
237464	8.615708351135254
236216	8.376743793487549
296232	9.557217836380005
354569	10.912707567214966
354569	13.907349824905396
16937	0.43297481536865234
15263	0.3194413185119629
14569	0.40880417823791504
15991	0.40918707847595215
17741	0.4230842590332031
19710	0.3426690101623535
21024	0.44463610649108887
20129	0.45914721488952637
18704	0.4494335651397705
16919	0.4264984130859375
16031	0.41995811462402344
16678	0.3253746032714844
16678	0.4245297908782959
153612	4.241149187088013
192760	5.136885166168213
226682	6.563831806182861
255556	6.111029148101807
227127	6.743814468383789
191576	6.4434356689453125
161551	4.706580877304077
144088	4.977121353149414
179485	3.5152816772460938
217171	5.279522657394409
251321	6.649863958358765
280457	7.423811912536621
252528	6.94664192199707
252528	6.844700336456299
16937	0.42835569381713867
15263	0.4163541793823242
14569	0.30407023429870605
15991	0.42126989364624023
17741	0.41852259635925293
19710	0.43931126594543457
21024	0.4493551254272461
20129	0.44660496711730957
18704	0.44240665435791016
16919	0.42864537239074707
16031	0.42226624488830566
16678	0.3322622776031494
16678	0.4184296131134033
45453	1.1201777458190918
68554	1.7121710777282715
88855	1.894073247909546
105732	2.277876615524292
106471	2.1362922191619873
85403	2.320622682571411
65804	1.8763039112091064
50176	1.7545626163482666
43072	1.400411605834961
54693	1.4037060737609863
77755	1.789435625076294
97648	1.9777162075042725
113658	2.583460569381714
109920	2.427428722381592
109920	2.381538152694702
162460	6.869558334350586
228221	7.993148326873779
285476	10.302371263504028
335624	10.7796630859375
348576	12.05327296257019
291001	11.856317520141602
238281	9.543529748916626
197697	9.20667052268982
199244	4.434014558792114
263408	9.18493390083313
321208	10.60049557685852
372058	12.02281403541565
387243	14.267165660858154
331415	12.143603086471558
278464	11.837377548217773
237464	10.548370599746704
236216	5.724958658218384
296232	9.624725580215454
354569	12.851601600646973
354569	12.238924026489258
70383	1.888719081878662
61794	1.5616602897644043
54080	1.7652299404144287
49125	1.3987452983856201
53607	1.3894987106323242
63366	1.450517177581787
71984	1.8657701015472412
79361	1.9702348709106445
77707	1.6942315101623535
69520	2.245697259902954
61904	1.6027934551239014
56636	1.8747045993804932
60724	1.556246280670166
69277	1.903996229171753
77706	1.9810941219329834
85019	2.081270933151245
82986	2.4116923809051514
75514	2.046581983566284
68069	1.9649596214294434
63261	1.6323511600494385
63261	1.9315376281738281
162460	6.853868007659912
228221	7.069914102554321
285476	10.281856298446655
335624	11.80344009399414
348576	12.047242641448975
291001	10.990313053131104
238281	9.629566431045532
197697	8.319028615951538
199244	8.057130098342896
263408	9.193604469299316
321208	10.609599828720093
372058	12.007450103759766
387243	12.372202396392822
331415	13.150072574615479
278464	11.820533037185669
237464	9.638772249221802
236216	7.527860403060913
296232	10.523549556732178
354569	11.906643629074097
354569	13.23971152305603
153612	4.391706228256226
192760	5.263482093811035
226682	6.045015096664429
255556	6.330151319503784
227127	7.425798416137695
191576	5.620276212692261
161551	5.895545482635498
144088	4.633724689483643
179485	4.106902837753296
217171	5.992368221282959
251321	6.807572841644287
280457	7.1089959144592285
252528	7.600008249282837
252528	6.995083332061768
16937	0.43456172943115234
15263	0.4178040027618408
14569	0.40882301330566406
15991	0.314577579498291
17741	0.4270439147949219
19710	0.441638708114624
21024	0.4489881992340088
20129	0.46125245094299316
18704	0.3410985469818115
16919	0.4279356002807617
16031	0.42500948905944824
16678	0.32323765754699707
16678	0.4238739013671875
45453	1.1200013160705566
68554	1.7544522285461426
88855	1.9156887531280518
105732	2.079540967941284
106471	2.403923749923706
85403	2.310868978500366
65804	1.9056227207183838
50176	1.525907039642334
43072	1.1951422691345215
54693	1.665318489074707
77755	1.6059484481811523
97648	2.2855024337768555
113658	2.1683974266052246
109920	2.716866970062256
109920	2.42948842048645
70383	1.8702583312988281
61794	1.8045673370361328
54080	1.7471489906311035
49125	1.0943019390106201
53607	1.3745334148406982
63366	1.7533695697784424
71984	1.8330557346343994
79361	1.9023404121398926
77707	1.6192162036895752
69520	1.9163427352905273
61904	1.5504820346832275
56636	1.808260440826416
60724	1.5134050846099854
69277	1.8629193305969238
77706	1.944429874420166
85019	1.9771010875701904
82986	2.3429765701293945
75514	2.0013766288757324
68069	1.9552249908447266
63261	1.5679669380187988
63261	1.8628928661346436
162460	6.870826244354248
228221	7.1651740074157715
285476	10.387688398361206
335624	11.860435009002686
348576	12.0929434299469
291001	11.111471176147461
238281	9.640318870544434
197697	8.434859275817871
199244	8.106168746948242
263408	9.294666051864624
321208	10.828724145889282
372058	12.161950588226318
387243	12.45928955078125
331415	13.64821195602417
278464	12.064910411834717
237464	9.808064460754395
236216	7.831430435180664
296232	10.763851881027222
354569	12.172072410583496
354569	13.49798321723938
45453	1.3698015213012695
68554	1.7373714447021484
88855	1.9176695346832275
105732	2.0714433193206787
106471	2.648712396621704
85403	2.365118980407715
65804	1.7153198719024658
50176	1.7842953205108643
43072	0.9286928176879883
54693	1.4366474151611328
77755	1.8275737762451172
97648	2.2704527378082275
113658	2.442575693130493
109920	2.492891311645508
109920	2.465876817703247
153612	4.858443021774292
192760	4.680828332901001
226682	6.5526039600372314
255556	6.819414138793945
227127	6.9560675621032715
191576	5.679610967636108
161551	5.927978515625
144088	4.765270233154297
179485	3.7278835773468018
217171	6.637869358062744
251321	6.409596920013428
280457	7.771735906600952
252528	7.801112413406372
252528	7.245915174484253
16937	0.43235230445861816
15263	0.3211393356323242
14569	0.41503095626831055
15991	0.4181795120239258
17741	0.32750391960144043
19710	0.4574873447418213
21024	0.4598348140716553
20129	0.46735501289367676
18704	0.3567690849304199
16919	0.44339942932128906
16031	0.445986270904541
16678	0.32846689224243164
16678	0.43094658851623535
70383	1.8382055759429932
61794	1.7885963916778564
54080	1.4210124015808105
49125	1.3735013008117676
53607	1.687260389328003
63366	1.4156761169433594
71984	1.8186595439910889
79361	1.5686540603637695
77707	1.2889933586120605
69520	1.8486371040344238
61904	1.7813241481781006
56636	1.75296950340271
60724	1.4241571426391602
69277	1.7689073085784912
77706	1.5473971366882324
85019	2.197019338607788
82986	1.6361181735992432
75514	1.930875301361084
68069	1.8899579048156738
63261	1.8156254291534424
63261	1.509016513824463
162460	7.728949546813965
228221	7.109063625335693
285476	10.46333932876587
335624	10.855087518692017
348576	13.067105770111084
291001	12.0121910572052
238281	9.65646481513977
197697	9.251046419143677
199244	5.377522706985474
263408	9.259557723999023
321208	11.603815078735352
372058	12.074037551879883
387243	13.397568702697754
331415	13.30636191368103
278464	12.016281843185425
237464	9.707252979278564
236216	8.598901271820068
296232	9.705196142196655
354569	11.206137418746948
354569	13.345709800720215
70383	1.8416807651519775
61794	1.5431773662567139
54080	1.757988452911377
49125	1.0845184326171875
53607	1.6973555088043213
63366	1.443284273147583
71984	1.4986753463745117
79361	2.2085165977478027
77707	1.6218657493591309
69520	1.563852310180664
61904	1.7967851161956787
56636	1.4933903217315674
60724	1.7841777801513672
69277	1.4886057376861572
77706	1.879481554031372
85019	1.9198400974273682
82986	1.9470109939575195
75514	1.9238128662109375
68069	1.8782799243927002
63261	1.5180432796478271
63261	1.8484828472137451
153612	4.335332632064819
192760	5.155223608016968
226682	6.034519672393799
255556	6.216808795928955
227127	7.296564817428589
191576	5.638913154602051
161551	5.892291069030762
144088	4.693315029144287
179485	4.18277382850647
217171	5.990647792816162
251321	6.805267095565796
280457	7.087826490402222
252528	7.823124408721924
252528	7.045277833938599
16937	0.4280061721801758
15263	0.42780280113220215
14569	0.4249410629272461
15991	0.31491637229919434
17741	0.43282198905944824
19710	0.4403526782989502
21024	0.46022868156433105
20129	0.45287489891052246
18704	0.34351301193237305
16919	0.42853641510009766
16031	0.4198329448699951
16678	0.3193788528442383
16678	0.4247550964355469
45453	1.1238973140716553
68554	1.7187542915344238
88855	1.8963818550109863
105732	2.0472779273986816
106471	2.371178150177002
85403	2.3188533782958984
65804	1.8979671001434326
50176	1.5354034900665283
43072	1.2199225425720215
54693	1.6828274726867676
77755	1.6035263538360596
97648	2.2616991996765137
113658	2.19675612449646
109920	2.76253604888916
109920	2.502669095993042
153612	4.30868935585022
192760	5.123966932296753
226682	5.955134630203247
255556	6.636305332183838
227127	7.2255003452301025
191576	5.4653050899505615
161551	5.781834363937378
144088	4.495042562484741
179485	3.5405969619750977
217171	5.810674667358398
251321	6.148993968963623
280457	6.8506340980529785
252528	6.925691366195679
252528	7.384630441665649
162460	6.856662034988403
228221	8.026640176773071
285476	9.514253854751587
335624	10.8027503490448
348576	11.902820110321045
291001	11.775559663772583
238281	10.558505773544312
197697	8.243028163909912
199244	7.967403173446655
263408	9.202746868133545
321208	10.639400005340576
372058	11.900778770446777
387243	13.209345817565918
331415	13.141627311706543
278464	11.781048059463501
237464	9.482694149017334
236216	8.433155298233032
296232	9.472688913345337
354569	12.687727451324463
354569	12.288937091827393
16937	0.43485426902770996
15263	0.41809725761413574
14569	0.30614566802978516
15991	0.40854597091674805
17741	0.4328880310058594
19710	0.4331848621368408
21024	0.44962644577026367
20129	0.3536946773529053
18704	0.4444122314453125
16919	0.4367787837982178
16031	0.4188203811645508
16678	0.31924915313720703
16678	0.4187188148498535
45453	1.1292445659637451
68554	1.7274646759033203
88855	1.8934731483459473
105732	2.310342311859131
106471	2.3969218730926514
85403	2.307762861251831
65804	1.9225664138793945
50176	1.5334057807922363
43072	0.9502227306365967
54693	1.4729259014129639
77755	1.8274238109588623
97648	1.9684669971466064
113658	2.3479561805725098
109920	2.6928014755249023
109920	2.4565629959106445
70383	1.8545985221862793
61794	1.5029165744781494
54080	1.7708938121795654
49125	1.4099600315093994
53607	1.3878929615020752
63366	1.427527904510498
71984	1.7924952507019043
79361	1.881180763244629
77707	1.5987045764923096
69520	1.880737543106079
61904	1.503087043762207
56636	1.7723405361175537
60724	1.4624145030975342
69277	1.790191888809204
77706	1.8589422702789307
85019	1.9572477340698242
82986	2.263723850250244
75514	1.931222677230835
68069	1.8922529220581055
63261	1.5025010108947754
63261	1.8217229843139648
70383	1.8577687740325928
61794	1.532400131225586
54080	1.7685577869415283
49125	1.3961732387542725
53607	1.3899955749511719
63366	1.7451808452606201
71984	1.5056517124176025
79361	1.8849332332611084
77707	1.9008374214172363
69520	1.8760335445404053
61904	1.4999041557312012
56636	1.7742385864257812
60724	1.4582607746124268
69277	1.5122871398925781
77706	1.85282564163208
85019	2.263721466064453
82986	1.9662566184997559
75514	1.9357571601867676
68069	1.8958795070648193
63261	1.5041847229003906
63261	1.8090083599090576
162460	6.780290603637695
228221	7.965222358703613
285476	9.438210725784302
335624	10.896812677383423
348576	12.11829161643982
291001	11.90045428276062
238281	9.585426330566406
197697	8.247774600982666
199244	8.136385202407837
263408	9.300044059753418
321208	10.633168697357178
372058	12.036512851715088
387243	12.426398277282715
331415	12.174824714660645
278464	11.686192512512207
237464	9.468328475952148
236216	7.516103029251099
296232	9.662780523300171
354569	12.870662689208984
354569	12.190818071365356
153612	4.889752149581909
192760	4.690236568450928
226682	6.559628486633301
255556	6.30688214302063
227127	7.358381271362305
191576	5.570574045181274
161551	5.90129280090332
144088	4.598448991775513
179485	3.067357301712036
217171	5.927570581436157
251321	6.306854724884033
280457	7.53868293762207
252528	7.14961838722229
252528	7.460854768753052
45453	1.1299035549163818
68554	1.730743169784546
88855	1.9175233840942383
105732	2.077479124069214
106471	2.409918785095215
85403	2.3507707118988037
65804	1.9167354106903076
50176	1.525362491607666
43072	1.445049524307251
54693	1.4631197452545166
77755	1.8079826831817627
97648	2.018416166305542
113658	2.4211511611938477
109920	2.5451321601867676
109920	2.7859649658203125
16937	0.42844247817993164
15263	0.32665157318115234
14569	0.41590285301208496
15991	0.4186992645263672
17741	0.4273858070373535
19710	0.35912394523620605
21024	0.4594905376434326
20129	0.4541037082672119
18704	0.4448096752166748
16919	0.4330730438232422
16031	0.32210326194763184
16678	0.4352109432220459
16678	0.42514848709106445
16937	0.4267392158508301
15263	0.3230631351470947
14569	0.404224157333374
15991	0.3227055072784424
17741	0.4294142723083496
19710	0.4293191432952881
21024	0.4562873840332031
20129	0.4510495662689209
18704	0.3394322395324707
16919	0.43712830543518066
16031	0.41872143745422363
16678	0.4151017665863037
16678	0.32079458236694336
153612	4.7945075035095215
192760	5.141683340072632
226682	5.9168078899383545
255556	6.696159362792969
227127	6.339276075363159
191576	6.201865911483765
161551	5.436212778091431
144088	5.235705614089966
179485	5.2162511348724365
217171	6.111640930175781
251321	6.41995644569397
280457	7.175835371017456
252528	7.744381666183472
252528	7.1215269565582275
70383	1.875084400177002
61794	1.8492743968963623
54080	1.4593703746795654
49125	1.401489496231079
53607	1.3897044658660889
63366	1.7598633766174316
71984	1.5243945121765137
79361	1.9294908046722412
77707	1.3252995014190674
69520	2.247535228729248
61904	1.511643648147583
56636	1.795675277709961
60724	1.459853172302246
69277	1.509626865386963
77706	1.8937156200408936
85019	2.2711265087127686
82986	1.6836235523223877
75514	1.9599251747131348
68069	1.8731629848480225
63261	1.8336575031280518
63261	1.8112177848815918
162460	6.924656867980957
228221	8.144559144973755
285476	9.604545831680298
335624	10.834519147872925
348576	12.253146886825562
291001	11.942368030548096
238281	9.684950590133667
197697	8.378604412078857
199244	4.401275634765625
263408	9.346468687057495
321208	9.793723106384277
372058	14.01718521118164
387243	12.38656210899353
331415	13.175174474716187
278464	11.843612909317017
237464	9.738645792007446
236216	5.897942066192627
296232	9.829310417175293
354569	13.111372232437134
354569	12.57082462310791
45453	1.3843533992767334
68554	1.7680671215057373
88855	1.9512436389923096
105732	2.1396267414093018
106471	2.7010531425476074
85403	2.119438886642456
65804	1.9382786750793457
50176	1.7957727909088135
43072	0.9659278392791748
54693	1.4795360565185547
77755	1.5892610549926758
97648	2.263162136077881
113658	2.4360034465789795
109920	2.757181167602539
109920	2.516395330429077
45453	1.161374807357788
68554	1.743161916732788
88855	1.915792465209961
105732	2.096365451812744
106471	2.6727817058563232
85403	2.1353580951690674
65804	1.9491550922393799
50176	1.563387155532837
43072	1.2085490226745605
54693	1.444190502166748
77755	1.8326985836029053
97648	2.020127296447754
113658	2.4037461280822754
109920	2.738629102706909
109920	2.4684159755706787
153612	4.328038454055786
192760	5.143794298171997
226682	5.964047431945801
255556	6.724958181381226
227127	6.847394704818726
191576	6.686570405960083
161551	5.435393571853638
144088	4.794219017028809
179485	4.22565770149231
217171	6.0366370677948
251321	6.81776762008667
280457	7.252720832824707
252528	7.688766956329346
252528	7.192779064178467
70383	1.8916504383087158
61794	1.8679754734039307
54080	1.4973711967468262
49125	1.7517800331115723
53607	1.403435468673706
63366	1.470801830291748
71984	1.8673880100250244
79361	1.9238502979278564
77707	1.6491894721984863
69520	1.928659439086914
61904	1.8975625038146973
56636	1.5221107006072998
60724	1.5005240440368652
69277	1.8609769344329834
77706	1.925189733505249
85019	1.9878592491149902
82986	2.035820245742798
75514	2.013176679611206
68069	1.9710705280303955
63261	1.9242000579833984
63261	1.592350959777832
162460	6.9312052726745605
228221	8.110532522201538
285476	9.459093809127808
335624	10.8574059009552
348576	13.058571338653564
291001	12.055005073547363
238281	9.70736312866211
197697	8.303975820541382
199244	6.295943260192871
263408	10.182699918746948
321208	10.807353973388672
372058	12.147303104400635
387243	13.470104694366455
331415	12.320408344268799
278464	11.051117897033691
237464	9.674391031265259
236216	8.483166217803955
296232	9.765298128128052
354569	11.038474798202515
354569	13.180560111999512
16937	0.43325376510620117
15263	0.31798648834228516
14569	0.4118936061859131
15991	0.41858744621276855
17741	0.44365477561950684
19710	0.35311412811279297
21024	0.4673302173614502
20129	0.47541165351867676
18704	0.465242862701416
16919	0.4470219612121582
16031	0.33754777908325195
16678	0.4400496482849121
16678	0.4365363121032715
162460	6.846743106842041
228221	8.040946006774902
285476	9.57209300994873
335624	11.780955076217651
348576	11.166511297225952
291001	12.069801330566406
238281	10.888010263442993
197697	8.583189010620117
199244	8.419997930526733
263408	9.652527570724487
321208	11.058732986450195
372058	12.536733150482178
387243	12.858992338180542
331415	13.602209568023682
278464	12.169286727905273
237464	9.023514986038208
236216	8.820308923721313
296232	9.98904538154602
354569	11.39798355102539
354569	14.495157718658447
16937	0.42841315269470215
15263	0.31516122817993164
14569	0.40994906425476074
15991	0.41265010833740234
17741	0.4251260757446289
19710	0.33158278465270996
21024	0.45058512687683105
20129	0.45664262771606445
18704	0.4466421604156494
16919	0.43060302734375
16031	0.4222831726074219
16678	0.3199028968811035
16678	0.4228174686431885
70383	1.8365583419799805
61794	1.8085873126983643
54080	1.4410321712493896
49125	1.6957850456237793
53607	1.09991455078125
63366	1.7344341278076172
71984	1.494765043258667
79361	1.9223604202270508
77707	1.2998318672180176
69520	2.1573948860168457
61904	1.4991705417633057
56636	1.7680461406707764
60724	1.4643445014953613
69277	1.510908842086792
77706	1.8583688735961914
85019	2.287660598754883
82986	1.6468915939331055
75514	1.9390044212341309
68069	1.8611924648284912
63261	1.7918620109558105
63261	1.8489956855773926
45453	1.1207163333892822
68554	1.7481164932250977
88855	1.9303109645843506
105732	2.30888032913208
106471	2.3942084312438965
85403	2.320697069168091
65804	1.9192876815795898
50176	1.5405144691467285
43072	1.1998732089996338
54693	1.4378011226654053
77755	1.564509391784668
97648	2.2426419258117676
113658	2.4095566272735596
109920	2.748807668685913
109920	2.429549217224121
153612	4.332110404968262
192760	5.207275152206421
226682	6.470842599868774
255556	6.260875940322876
227127	6.770251989364624
191576	5.537852764129639
161551	5.871143102645874
144088	4.66083288192749
179485	4.202291965484619
217171	6.050273656845093
251321	6.3494346141815186
280457	7.1223390102386475
252528	7.171238660812378
252528	7.646190404891968
70383	1.8537657260894775
61794	1.8210339546203613
54080	1.4679834842681885
49125	1.4163315296173096
53607	1.3916728496551514
63366	1.7619740962982178
71984	1.5124454498291016
79361	2.1939187049865723
77707	1.2975258827209473
69520	1.8769817352294922
61904	1.8150577545166016
56636	1.767444372177124
60724	1.44938063621521
69277	1.808189868927002
77706	1.897890329360962
85019	1.9666903018951416
82986	1.9956560134887695
75514	1.93687105178833
68069	1.8604979515075684
63261	1.5016472339630127
63261	1.806370496749878
45453	1.153101921081543
68554	1.7665038108825684
88855	1.9532721042633057
105732	2.0926637649536133
106471	2.6678357124328613
85403	2.105107069015503
65804	1.982417106628418
50176	1.7844035625457764
43072	0.9330410957336426
54693	1.4466636180877686
77755	1.5763139724731445
97648	2.2895872592926025
113658	2.410017251968384
109920	2.7329046726226807
109920	2.4792892932891846
162460	6.780479192733765
228221	7.92772650718689
285476	10.325520277023315
335624	11.016737461090088
348576	11.922657489776611
291001	11.916373014450073
238281	10.587499856948853
197697	8.205570936203003
199244	8.050086736679077
263408	9.202433824539185
321208	10.611672401428223
372058	12.118028402328491
387243	13.351093292236328
331415	13.137591123580933
278464	11.676980018615723
237464	10.346771001815796
236216	6.575951814651489
296232	9.515770435333252
354569	12.73190450668335
354569	12.131802320480347
16937	0.43103504180908203
15263	0.41850948333740234
14569	0.3123784065246582
15991	0.43381428718566895
17741	0.4240443706512451
19710	0.4499497413635254
21024	0.447587251663208
20129	0.3554062843322754
18704	0.4399375915527344
16919	0.432692289352417
16031	0.42493534088134766
16678	0.32053518295288086
16678	0.4277307987213135
153612	4.827528476715088
192760	4.661293983459473
226682	6.478455066680908
255556	6.287444829940796
227127	7.2875189781188965
191576	5.521678686141968
161551	5.752455949783325
144088	4.590832471847534
179485	4.072826623916626
217171	5.870281219482422
251321	6.715723276138306
280457	6.96703839302063
252528	7.508753299713135
252528	7.003002166748047
162460	6.829156875610352
228221	8.077915668487549
285476	9.393989086151123
335624	10.77925157546997
348576	12.007079839706421
291001	11.889986038208008
238281	10.51663088798523
197697	8.261379957199097
199244	8.042354822158813
263408	9.27530837059021
321208	10.655445098876953
372058	12.05256175994873
387243	12.32678508758545
331415	13.131370782852173
278464	11.749808073043823
237464	8.654998064041138
236216	8.415100574493408
296232	9.492033004760742
354569	10.907642364501953
354569	13.960005760192871
45453	1.39518404006958
68554	1.5118505954742432
88855	2.1934690475463867
105732	2.062533140182495
106471	2.6440978050231934
85403	2.1027512550354004
65804	1.927417278289795
50176	1.547766923904419
43072	1.1834912300109863
54693	1.4451136589050293
77755	1.844541311264038
97648	2.0026333332061768
113658	2.4381906986236572
109920	2.75211238861084
109920	2.453615665435791
16937	0.33148717880249023
15263	0.4173297882080078
14569	0.4118466377258301
15991	0.4105978012084961
17741	0.3216722011566162
19710	0.43512701988220215
21024	0.44597721099853516
20129	0.4497556686401367
18704	0.33746862411499023
16919	0.4303569793701172
16031	0.42078208923339844
16678	0.4252438545227051
16678	0.3269002437591553
70383	1.8705637454986572
61794	1.8793754577636719
54080	1.4716160297393799
49125	1.397817611694336
53607	1.4170825481414795
63366	1.7531390190124512
71984	1.5071513652801514
79361	1.8884251117706299
77707	1.9708075523376465
69520	1.889474868774414
61904	1.8455712795257568
56636	1.488050937652588
60724	1.7663812637329102
69277	1.516834020614624
77706	1.8929307460784912
85019	1.9387965202331543
82986	1.652212142944336
75514	1.9354722499847412
68069	1.864105463027954
63261	1.5156004428863525
63261	1.7991106510162354
153612	4.304339170455933
192760	5.110130071640015
226682	5.911092758178711
255556	6.709347248077393
227127	6.232349634170532
191576	5.989364147186279
161551	5.717106342315674
144088	5.015242099761963
179485	3.5290164947509766
217171	5.819160223007202
251321	6.663219213485718
280457	6.899370908737183
252528	7.5160439014434814
252528	7.087930202484131
16937	0.3289010524749756
15263	0.41478419303894043
14569	0.41192626953125
15991	0.3101537227630615
17741	0.4311239719390869
19710	0.43250608444213867
21024	0.4477527141571045
20129	0.4537200927734375
18704	0.34564900398254395
16919	0.4266700744628906
16031	0.41571044921875
16678	0.3145933151245117
16678	0.4134256839752197
153612	4.280529737472534
192760	5.151439905166626
226682	5.930577039718628
255556	6.698601722717285
227127	7.24454665184021
191576	5.464716911315918
161551	5.712759971618652
144088	4.502846002578735
179485	3.584756851196289
217171	5.921133041381836
251321	6.231370687484741
280457	7.04282808303833
252528	7.11104679107666
252528	7.433589458465576
162460	6.830838680267334
228221	8.027605533599854
285476	9.519928932189941
335624	10.872137546539307
348576	11.978572845458984
291001	11.88415002822876
238281	10.630430221557617
197697	8.27552843093872
199244	8.016207456588745
263408	9.291309833526611
321208	10.716506719589233
372058	12.066985845565796
387243	13.199601173400879
331415	13.130497455596924
278464	11.722972631454468
237464	9.540825366973877
236216	8.48007321357727
296232	9.601476907730103
354569	12.938593864440918
354569	12.462380647659302
45453	1.4048941135406494
68554	1.783874750137329
88855	1.9458847045898438
105732	2.087277412414551
106471	2.4635114669799805
85403	2.39789080619812
65804	1.924302577972412
50176	1.5533320903778076
43072	1.4692256450653076
54693	1.4472606182098389
77755	1.8435163497924805
97648	2.0399529933929443
113658	2.4450531005859375
109920	2.5146353244781494
109920	2.7938520908355713
70383	1.9048888683319092
61794	1.8401741981506348
54080	1.4594755172729492
49125	1.436452865600586
53607	1.4204018115997314
63366	1.4617178440093994
71984	1.849928379058838
79361	1.9132654666900635
77707	1.6183457374572754
69520	1.9130103588104248
61904	1.837357759475708
56636	1.4939534664154053
60724	1.786841630935669
69277	1.5024504661560059
77706	1.9049477577209473
85019	1.9780631065368652
82986	1.9798169136047363
75514	1.9487123489379883
68069	1.8779666423797607
63261	1.5391886234283447
63261	1.8139405250549316
70383	1.9090662002563477
61794	1.5387468338012695
54080	1.8097152709960938
49125	1.4752838611602783
53607	1.4143102169036865
63366	1.474938154220581
71984	1.8566958904266357
79361	1.9404582977294922
77707	1.6485052108764648
69520	1.924321174621582
61904	1.866614818572998
56636	1.4892122745513916
60724	1.8077082633972168
69277	1.5431663990020752
77706	1.939697265625
85019	1.9827723503112793
82986	1.6789345741271973
75514	1.9592955112457275
68069	1.905764102935791
63261	1.5312962532043457
63261	1.8514084815979004
162460	6.84296989440918
228221	8.037240028381348
285476	10.40432596206665
335624	10.8394296169281
348576	12.018717050552368
291001	11.900186538696289
238281	10.509246110916138
197697	8.327776908874512
199244	8.046558141708374
263408	9.230937957763672
321208	10.65339207649231
372058	13.05506944656372
387243	12.360812425613403
331415	13.257636547088623
278464	10.852221012115479
237464	9.640050172805786
236216	7.619684457778931
296232	10.65946650505066
354569	12.964496612548828
354569	12.262120962142944
16937	0.4327511787414551
15263	0.42430996894836426
14569	0.31035661697387695
15991	0.4291038513183594
17741	0.44472193717956543
19710	0.4364964962005615
21024	0.456099271774292
20129	0.4613969326019287
18704	0.45429110527038574
16919	0.4437887668609619
16031	0.434002161026001
16678	0.4301300048828125
16678	0.3380563259124756
45453	1.1198601722717285
68554	1.7362403869628906
88855	1.9110825061798096
105732	2.3105382919311523
106471	2.4030299186706543
85403	2.32011079788208
65804	1.9270310401916504
50176	1.5312232971191406
43072	1.4284052848815918
54693	1.471785545349121
77755	1.816124677658081
97648	2.0185418128967285
113658	2.4204306602478027
109920	2.474867343902588
109920	2.674571990966797
153612	4.341363191604614
192760	5.149608612060547
226682	6.46674919128418
255556	6.730090856552124
227127	6.314454555511475
191576	6.225663900375366
161551	5.9570982456207275
144088	4.768886089324951
179485	3.7581634521484375
217171	6.597208499908447
251321	6.449779748916626
280457	7.753967046737671
252528	7.802612066268921
252528	7.146411895751953
153612	4.342714786529541
192760	5.136706590652466
226682	6.00726842880249
255556	6.728135108947754
227127	6.2840070724487305
191576	5.995272159576416
161551	5.727979898452759
144088	5.105299949645996
179485	3.580759048461914
217171	5.869343280792236
251321	6.689732074737549
280457	6.980185508728027
252528	7.4972381591796875
252528	6.949221849441528
70383	1.8626072406768799
61794	1.864527940750122
54080	1.4907996654510498
49125	1.439028263092041
53607	1.4139232635498047
63366	1.794447660446167
71984	1.8881745338439941
79361	1.676020860671997
77707	1.420588731765747
69520	2.021934747695923
61904	1.9371850490570068
56636	1.9087305068969727
60724	1.573026180267334
69277	1.9293720722198486
77706	1.7061161994934082
85019	2.4344804286956787
82986	1.8525996208190918
75514	2.1306352615356445
68069	2.0506491661071777
63261	1.9907608032226562
63261	1.6259381771087646
16937	0.42725419998168945
15263	0.42580294609069824
14569	0.40818357467651367
15991	0.3123779296875
17741	0.4279928207397461
19710	0.43151378631591797
21024	0.4457969665527344
20129	0.4474294185638428
18704	0.4377481937408447
16919	0.4361848831176758
16031	0.4358396530151367
16678	0.419727087020874
16678	0.3175363540649414
45453	1.138845682144165
68554	1.7303202152252197
88855	1.9194269180297852
105732	2.3060731887817383
106471	2.143871545791626
85403	2.329030752182007
65804	1.9189584255218506
50176	1.782824993133545
43072	1.4310839176177979
54693	1.4330909252166748
77755	1.8411717414855957
97648	2.0106945037841797
113658	2.672086477279663
109920	2.527745485305786
109920	2.5617055892944336
162460	6.819014072418213
228221	8.015443801879883
285476	10.410969495773315
335624	10.927079916000366
348576	12.131993770599365
291001	11.92956805229187
238281	9.779077291488647
197697	9.339714050292969
199244	4.488725185394287
263408	9.330804824829102
321208	10.833120822906494
372058	12.205780744552612
387243	14.413764715194702
331415	12.27301025390625
278464	11.960370302200317
237464	10.570882797241211
236216	5.831215858459473
296232	9.702148914337158
354569	12.949237823486328
354569	12.239228010177612
153612	4.432732105255127
192760	5.253780841827393
226682	6.1640801429748535
255556	6.859689950942993
227127	6.899422645568848
191576	5.609180450439453
161551	5.823317527770996
144088	4.6572959423065186
179485	4.209511041641235
217171	6.559537172317505
251321	6.329331874847412
280457	7.169520616531372
252528	8.137396812438965
252528	6.457747220993042
45453	1.1283237934112549
68554	1.7666254043579102
88855	1.9665579795837402
105732	2.0775303840637207
106471	2.416782855987549
85403	2.3386268615722656
65804	1.927748441696167
50176	1.549192190170288
43072	1.463738203048706
54693	1.4463951587677002
77755	1.878103494644165
97648	2.0255379676818848
113658	2.382540225982666
109920	2.487060546875
109920	2.7196178436279297
162460	6.969058990478516
228221	8.124574899673462
285476	9.533630609512329
335624	11.835871696472168
348576	11.273755311965942
291001	12.015309572219849
238281	10.724204063415527
197697	9.298410415649414
199244	4.410549640655518
263408	9.301312446594238
321208	10.798747301101685
372058	12.152225255966187
387243	12.39872670173645
331415	13.225293636322021
278464	11.881381273269653
237464	9.69575047492981
236216	8.507933378219604
296232	9.583109140396118
354569	11.918000221252441
354569	13.184303283691406
16937	0.32991981506347656
15263	0.4170849323272705
14569	0.42876458168029785
15991	0.31113624572753906
17741	0.4286079406738281
19710	0.44042396545410156
21024	0.46036314964294434
20129	0.45647287368774414
18704	0.3575122356414795
16919	0.45656561851501465
16031	0.44495248794555664
16678	0.3398456573486328
16678	0.4477818012237549
70383	1.839573621749878
61794	1.8140442371368408
54080	1.7472736835479736
49125	1.406595230102539
53607	1.0857036113739014
63366	1.768303394317627
71984	1.5224061012268066
79361	2.2026207447052
77707	1.3019678592681885
69520	2.185281753540039
61904	1.5141892433166504
56636	1.7727468013763428
60724	1.4539260864257812
69277	1.484194278717041
77706	1.8473410606384277
85019	2.216658592224121
82986	1.988499402999878
75514	1.9198174476623535
68069	1.8609051704406738
63261	1.51381516456604
63261	1.790381669998169
162460	7.790936231613159
228221	7.14170241355896
285476	10.431957483291626
335624	10.887462615966797
348576	13.01124095916748
291001	11.957043170928955
238281	9.6616792678833
197697	9.330430507659912
199244	5.503246784210205
263408	9.534754037857056
321208	11.959610223770142
372058	12.417947053909302
387243	13.777649164199829
331415	13.612944841384888
278464	12.251063823699951
237464	10.143357515335083
236216	8.920202493667603
296232	10.03743028640747
354569	11.551638126373291
354569	13.7275972366333
45453	1.3896691799163818
68554	1.763549566268921
88855	1.9318349361419678
105732	2.081963539123535
106471	2.4215917587280273
85403	2.366399049758911
65804	1.9575965404510498
50176	1.5452966690063477
43072	1.2029492855072021
54693	1.4594144821166992
77755	1.8475093841552734
97648	2.2545130252838135
113658	2.1551313400268555
109920	2.6930346488952637
109920	2.4379944801330566
70383	1.856029748916626
61794	1.8236939907073975
54080	1.7758488655090332
49125	1.0918583869934082
53607	1.4017691612243652
63366	1.7472479343414307
71984	1.83626127243042
79361	1.9529578685760498
77707	1.6684832572937012
69520	1.947636604309082
61904	1.547025203704834
56636	1.8110575675964355
60724	1.4764344692230225
69277	1.844874382019043
77706	1.907745122909546
85019	2.0308234691619873
82986	2.3582968711853027
75514	2.050194501876831
68069	1.9690179824829102
63261	1.601560354232788
63261	1.8713254928588867
153612	4.366556882858276
192760	5.226104974746704
226682	6.067452669143677
255556	6.401017427444458
227127	7.573310136795044
191576	5.736237287521362
161551	5.972887277603149
144088	4.74241828918457
179485	4.219002962112427
217171	6.15528678894043
251321	6.911832094192505
280457	7.210465669631958
252528	7.822340488433838
252528	7.111971616744995
16937	0.43653368949890137
15263	0.41562604904174805
14569	0.4098682403564453
15991	0.32041072845458984
17741	0.42256641387939453
19710	0.43716001510620117
21024	0.45594167709350586
20129	0.4472920894622803
18704	0.35249948501586914
16919	0.44960761070251465
16031	0.4247581958770752
16678	0.32150912284851074
16678	0.42705249786376953
45453	1.1387479305267334
68554	1.738896369934082
88855	1.9118022918701172
105732	2.109818696975708
106471	2.4071054458618164
85403	2.3393149375915527
65804	1.9496970176696777
50176	1.5911827087402344
43072	1.217679738998413
54693	1.6992571353912354
77755	1.6077601909637451
97648	2.2733678817749023
113658	2.1971077919006348
109920	2.70539927482605
109920	2.4395644664764404
70383	1.84763503074646
61794	1.8182270526885986
54080	1.7628920078277588
49125	1.1255629062652588
53607	1.402679443359375
63366	1.782642126083374
71984	1.8584952354431152
79361	1.895965337753296
77707	1.641679286956787
69520	1.902379035949707
61904	1.5228240489959717
56636	1.7593553066253662
60724	1.4553754329681396
69277	1.8094227313995361
77706	1.865661382675171
85019	1.991534948348999
82986	2.2756710052490234
75514	1.9495975971221924
68069	1.8864295482635498
63261	1.5562622547149658
63261	1.8217785358428955
16937	0.42490458488464355
15263	0.4234619140625
14569	0.31540870666503906
15991	0.41143083572387695
17741	0.41816020011901855
19710	0.4355494976043701
21024	0.44463205337524414
20129	0.34586071968078613
18704	0.442934513092041
16919	0.4292593002319336
16031	0.3212239742279053
16678	0.4205813407897949
16678	0.420377254486084
162460	6.869138717651367
228221	8.158200025558472
285476	9.654696702957153
335624	11.878167152404785
348576	11.259928226470947
291001	12.11185908317566
238281	10.624553918838501
197697	9.386841297149658
199244	6.3927531242370605
263408	10.4254629611969
321208	10.859022378921509
372058	12.251624822616577
387243	12.543712377548218
331415	13.40721869468689
278464	12.026270389556885
237464	9.781219720840454
236216	5.737455129623413
296232	9.796650171279907
354569	12.187725305557251
354569	12.368082046508789
153612	4.426169395446777
192760	5.2594568729400635
226682	6.618866920471191
255556	6.320527791976929
227127	6.9496073722839355
191576	6.12019944190979
161551	5.895184516906738
144088	4.63012957572937
179485	3.0887324810028076
217171	5.988831520080566
251321	6.329586982727051
280457	7.651176691055298
252528	7.792623043060303
252528	7.142820358276367
70383	1.9021100997924805
61794	1.5608537197113037
54080	1.8253276348114014
49125	1.122070550918579
53607	1.7844288349151611
63366	1.5359556674957275
71984	1.585303783416748
79361	1.9510135650634766
77707	1.3463211059570312
69520	2.0021793842315674
61904	1.9788384437561035
56636	1.9022374153137207
60724	1.5649731159210205
69277	1.5965619087219238
77706	2.3237133026123047
85019	2.087012529373169
82986	1.8036844730377197
75514	2.0451855659484863
68069	2.031982421875
63261	1.9823005199432373
63261	1.984663724899292
16937	0.43006396293640137
15263	0.414111852645874
14569	0.31338930130004883
15991	0.43167781829833984
17741	0.4227755069732666
19710	0.33840417861938477
21024	0.4591941833496094
20129	0.45565032958984375
18704	0.44948577880859375
16919	0.4326756000518799
16031	0.32947635650634766
16678	0.4217207431793213
16678	0.4225199222564697
45453	1.3855533599853516
68554	1.7378926277160645
88855	1.9196193218231201
105732	2.336275577545166
106471	2.4193928241729736
85403	2.3380541801452637
65804	1.6750435829162598
50176	1.8042213916778564
43072	0.9490387439727783
54693	1.4236271381378174
77755	1.8112497329711914
97648	2.2645792961120605
113658	2.421149969100952
109920	2.4564902782440186
109920	2.4280543327331543
162460	6.827543497085571
228221	8.001028299331665
285476	10.364810228347778
335624	10.862733602523804
348576	12.058147668838501
291001	11.959933757781982
238281	10.579508781433105
197697	8.311287641525269
199244	8.116819858551025
263408	9.285248517990112
321208	10.8538658618927
372058	12.08125114440918
387243	13.323209047317505
331415	13.188093900680542
278464	11.777721643447876
237464	10.583177328109741
236216	6.596010446548462
296232	9.547356843948364
354569	12.850447177886963
354569	12.233297348022461
153612	4.982719659805298
192760	4.784127235412598
226682	6.718897819519043
255556	6.399221658706665
227127	7.523239374160767
191576	5.624970436096191
161551	5.893022060394287
144088	4.701114177703857
179485	3.108532190322876
217171	5.994699716567993
251321	6.307377338409424
280457	7.637433290481567
252528	7.197672128677368
252528	7.815152645111084
70383	1.8945622444152832
61794	1.8930692672729492
54080	1.8342411518096924
49125	1.4242775440216064
53607	1.0972471237182617
63366	1.7799561023712158
71984	1.5340549945831299
79361	2.2125494480133057
77707	1.3128345012664795
69520	2.222844123840332
61904	1.5400147438049316
56636	1.823326587677002
60724	1.4739384651184082
69277	1.5186915397644043
77706	1.9021248817443848
85019	2.2783262729644775
82986	2.0150043964385986
75514	1.9549694061279297
68069	1.893928050994873
63261	1.5229732990264893
63261	1.8313827514648438
153612	4.4094109535217285
192760	5.215975999832153
226682	6.038317441940308
255556	6.799303293228149
227127	6.414353132247925
191576	6.147433519363403
161551	5.816954135894775
144088	5.111620187759399
179485	3.584050178527832
217171	5.942668199539185
251321	6.832012414932251
280457	7.21178412437439
252528	7.78666090965271
252528	7.045995473861694
16937	0.326249361038208
15263	0.41925621032714844
14569	0.4063389301300049
15991	0.31345629692077637
17741	0.42757368087768555
19710	0.4438636302947998
21024	0.4716346263885498
20129	0.45981478691101074
18704	0.36054015159606934
16919	0.4420156478881836
16031	0.43955492973327637
16678	0.34019947052001953
16678	0.43236517906188965
45453	1.3879802227020264
68554	1.5122606754302979
88855	2.172701358795166
105732	2.077327251434326
106471	2.4080355167388916
85403	2.351680278778076
65804	1.9058334827423096
50176	1.7672622203826904
43072	1.4144494533538818
54693	1.4459655284881592
77755	1.8066685199737549
97648	2.2576005458831787
113658	2.4003024101257324
109920	2.466885566711426
109920	2.4312493801116943
162460	6.825191974639893
228221	8.042707443237305
285476	9.521270275115967
335624	11.860065460205078
348576	11.078736782073975
291001	11.90070652961731
238281	10.523623943328857
197697	9.223989963531494
199244	4.358666658401489
263408	9.249824047088623
321208	10.687744140625
372058	12.209838151931763
387243	12.430179119110107
331415	13.221472978591919
278464	11.787261009216309
237464	9.59254765510559
236216	8.512356519699097
296232	9.701448678970337
354569	11.966516733169556
354569	13.068830490112305
45453	1.3918583393096924
68554	1.7611734867095947
88855	1.9535939693450928
105732	2.111557722091675
106471	2.70074462890625
85403	2.147350311279297
65804	1.9526519775390625
50176	1.814183235168457
43072	1.4711284637451172
54693	1.463761806488037
77755	1.597377061843872
97648	2.29006290435791
113658	2.1888954639434814
109920	2.735557794570923
109920	2.759838819503784
16937	0.33220815658569336
15263	0.4179823398590088
14569	0.40659189224243164
15991	0.31354784965515137
17741	0.4361734390258789
19710	0.44214892387390137
21024	0.4619712829589844
20129	0.4744267463684082
18704	0.3539559841156006
16919	0.43579769134521484
16031	0.43775391578674316
16678	0.3271365165710449
16678	0.43909716606140137
70383	1.8590750694274902
61794	1.8207972049713135
54080	1.766627311706543
49125	1.3898577690124512
53607	1.3997085094451904
63366	1.4396867752075195
71984	1.856163501739502
79361	1.9281179904937744
77707	1.727550745010376
69520	1.9491422176361084
61904	1.9442508220672607
56636	1.5907154083251953
60724	1.8739476203918457
69277	1.5949914455413818
77706	1.9857585430145264
85019	2.0620267391204834
82986	2.1108553409576416
75514	2.0303142070770264
68069	2.011471748352051
63261	1.9729797840118408
63261	1.9197800159454346
153612	4.320704460144043
192760	5.650911331176758
226682	5.953529119491577
255556	6.175906181335449
227127	6.724632263183594
191576	5.934096813201904
161551	5.6791462898254395
144088	5.015438795089722
179485	3.530836343765259
217171	6.3252294063568115
251321	6.1303391456604
280457	7.404288291931152
252528	7.484549522399902
252528	6.965577125549316
162460	6.8721630573272705
228221	7.109273195266724
285476	10.458873748779297
335624	10.836029529571533
348576	13.009106874465942
291001	11.005264282226562
238281	10.548637866973877
197697	8.355369567871094
199244	6.254909992218018
263408	10.148380517959595
321208	10.715995073318481
372058	12.077154874801636
387243	12.360292673110962
331415	13.226138353347778
278464	12.263819217681885
237464	9.867360591888428
236216	5.907118558883667
296232	9.866095304489136
354569	12.144718170166016
354569	12.521033525466919
70383	1.868906021118164
61794	1.8471465110778809
54080	1.774578332901001
49125	1.4272286891937256
53607	1.4094090461730957
63366	1.4861359596252441
71984	1.5780799388885498
79361	2.2765841484069824
77707	1.7291958332061768
69520	1.9844684600830078
61904	1.6513350009918213
56636	1.5647308826446533
60724	1.879758596420288
69277	1.935619592666626
77706	1.709054946899414
85019	2.4068899154663086
82986	2.1535227298736572
75514	2.0498878955841064
68069	2.0214478969573975
63261	1.9775261878967285
63261	1.6335835456848145
162460	6.904253959655762
228221	8.157582998275757
285476	9.558161735534668
335624	11.845079898834229
348576	12.180509090423584
291001	12.031131744384766
238281	9.752314329147339
197697	8.433972835540771
199244	4.423561334609985
263408	10.298139572143555
321208	10.95404577255249
372058	12.137213945388794
387243	13.467439413070679
331415	12.336031436920166
278464	10.964050769805908
237464	9.632126808166504
236216	8.47182321548462
296232	9.648774147033691
354569	12.004278182983398
354569	12.253225088119507
153612	4.444238185882568
192760	5.331516742706299
226682	6.669628381729126
255556	6.377287864685059
227127	6.992864608764648
191576	6.780419826507568
161551	4.861919641494751
144088	5.170987367630005
179485	3.620917558670044
217171	5.46308159828186
251321	6.832492828369141
280457	7.6565375328063965
252528	7.170777082443237
252528	7.02107048034668
16937	0.43196845054626465
15263	0.42821598052978516
14569	0.31146740913391113
15991	0.4158196449279785
17741	0.4224562644958496
19710	0.4392812252044678
21024	0.4498910903930664
20129	0.4641702175140381
18704	0.4598734378814697
16919	0.44535374641418457
16031	0.4340050220489502
16678	0.3305797576904297
16678	0.43236851692199707
45453	1.1246817111968994
68554	1.7390925884246826
88855	1.913776159286499
105732	2.3186025619506836
106471	2.164123058319092
85403	2.329801321029663
65804	1.928894281387329
50176	1.803863286972046
43072	1.4501011371612549
54693	1.4365365505218506
77755	1.8290905952453613
97648	2.0104968547821045
113658	2.6450493335723877
109920	2.4316351413726807
109920	2.4290127754211426
16937	0.3276216983795166
15263	0.4152405261993408
14569	0.41170644760131836
15991	0.4163539409637451
17741	0.3299098014831543
19710	0.44391798973083496
21024	0.4548640251159668
20129	0.46097779273986816
18704	0.35422205924987793
16919	0.44107699394226074
16031	0.4368896484375
16678	0.4312736988067627
16678	0.3379216194152832
162460	6.900208950042725
228221	8.088314533233643
285476	9.581266164779663
335624	10.931543350219727
348576	13.157065868377686
291001	12.103670358657837
238281	10.705411911010742
197697	8.383666038513184
199244	5.4017744064331055
263408	9.469356536865234
321208	10.885972261428833
372058	12.267045974731445
387243	14.317076683044434
331415	13.388538837432861
278464	11.994927406311035
237464	8.701937198638916
236216	6.675708055496216
296232	10.563886165618896
354569	12.939534902572632
354569	12.29245901107788
45453	1.414919137954712
68554	1.7840418815612793
88855	1.962418794631958
105732	2.4128572940826416
106471	2.4817352294921875
85403	2.1408419609069824
65804	1.9652965068817139
50176	1.838364839553833
43072	1.4728996753692627
54693	1.4660007953643799
77755	1.5802626609802246
97648	2.2825403213500977
113658	2.20443058013916
109920	2.7679781913757324
109920	2.7581419944763184
70383	1.912492275238037
61794	1.8624532222747803
54080	1.4751272201538086
49125	1.4296910762786865
53607	1.4457449913024902
63366	1.786424160003662
71984	1.542109727859497
79361	2.282949209213257
77707	1.3273959159851074
69520	1.919783592224121
61904	1.8659310340881348
56636	1.8353452682495117
60724	1.4848875999450684
69277	1.872729778289795
77706	1.926574468612671
85019	1.988847017288208
82986	2.019678831100464
75514	1.9927260875701904
68069	1.9472606182098389
63261	1.5487687587738037
63261	1.8554558753967285
153612	4.405623912811279
192760	5.766191005706787
226682	6.091077089309692
255556	6.849425792694092
227127	6.861896991729736
191576	6.119970321655273
161551	5.852093935012817
144088	4.598433494567871
179485	5.131702184677124
217171	6.476694822311401
251321	6.271668910980225
280457	7.6535539627075195
252528	7.7437520027160645
252528	7.019291877746582
45453	1.146977424621582
68554	1.764214277267456
88855	1.9707541465759277
105732	2.124992609024048
106471	2.4509785175323486
85403	2.398574113845825
65804	1.9733984470367432
50176	1.5603904724121094
43072	1.454509973526001
54693	1.4535510540008545
77755	1.8571064472198486
97648	2.0634384155273438
113658	2.459634304046631
109920	2.5127346515655518
109920	2.7443907260894775
16937	0.42673325538635254
15263	0.31553173065185547
14569	0.412700891494751
15991	0.4233400821685791
17741	0.44577980041503906
19710	0.3516981601715088
21024	0.4598722457885742
20129	0.4657320976257324
18704	0.47451257705688477
16919	0.462658166885376
16031	0.34911036491394043
16678	0.4488234519958496
16678	0.44888973236083984
70383	1.847855567932129
61794	1.846710205078125
54080	1.4763479232788086
49125	1.4121384620666504
53607	1.4301588535308838
63366	1.7519943714141846
71984	1.545715093612671
79361	1.9307148456573486
77707	2.000643014907837
69520	1.942856788635254
61904	1.584421157836914
56636	1.854630947113037
60724	1.5238502025604248
69277	1.5663912296295166
77706	1.9664900302886963
85019	2.0252761840820312
82986	2.0720174312591553
75514	2.021958112716675
68069	1.9397644996643066
63261	1.5882008075714111
63261	1.873443603515625
162460	6.861002445220947
228221	8.034120082855225
285476	10.441115379333496
335624	10.987799167633057
348576	12.280827045440674
291001	12.013806819915771
238281	10.748857259750366
197697	8.587491989135742
199244	8.356181383132935
263408	9.675477504730225
321208	11.15644884109497
372058	13.563348531723022
387243	12.761106967926025
331415	13.734551429748535
278464	11.290467023849487
237464	10.1616370677948
236216	8.031584739685059
296232	11.063033819198608
354569	13.489816188812256
354569	12.771689414978027
153612	4.425793886184692
192760	5.376256704330444
226682	6.7539002895355225
255556	6.476963520050049
227127	7.117082834243774
191576	6.936574459075928
161551	5.091799020767212
144088	5.402529716491699
179485	3.8990094661712646
217171	5.703791379928589
251321	7.124653100967407
280457	7.92543363571167
252528	7.497631549835205
252528	7.408015489578247
16937	0.4308645725250244
15263	0.430539608001709
14569	0.3092494010925293
15991	0.40693235397338867
17741	0.4190399646759033
19710	0.4327390193939209
21024	0.4460575580596924
20129	0.45139527320861816
18704	0.44118309020996094
16919	0.4271271228790283
16031	0.4189426898956299
16678	0.3197300434112549
16678	0.4198298454284668
45453	1.1268770694732666
68554	1.7480387687683105
88855	1.9162771701812744
105732	2.3262739181518555
106471	2.1923015117645264
85403	2.3319146633148193
65804	1.9362316131591797
50176	1.775566816329956
43072	1.4254024028778076
54693	1.459824562072754
77755	1.8177058696746826
97648	1.9984853267669678
113658	2.6309070587158203
109920	2.490597724914551
109920	2.4427731037139893
70383	1.8399755954742432
61794	1.8298003673553467
54080	1.7538070678710938
49125	1.3920824527740479
53607	1.1030628681182861
63366	1.7544431686401367
71984	1.5165157318115234
79361	2.1841864585876465
77707	1.3102154731750488
69520	2.207617998123169
61904	1.5316729545593262
56636	1.776906967163086
60724	1.460373878479004
69277	1.4964196681976318
77706	1.8962762355804443
85019	2.251622200012207
82986	1.9565508365631104
75514	1.9237630367279053
68069	1.865811824798584
63261	1.5053577423095703
63261	1.830888271331787
153612	4.368746757507324
192760	5.178771018981934
226682	6.009912014007568
255556	6.784352540969849
227127	6.3530354499816895
191576	6.22467303276062
161551	6.0394816398620605
144088	5.332763195037842
179485	3.7882468700408936
217171	6.165111541748047
251321	7.009600639343262
280457	7.3494837284088135
252528	7.9920525550842285
252528	7.347379922866821
162460	6.853641510009766
228221	8.05327296257019
285476	9.554158449172974
335624	11.05049991607666
348576	12.340768575668335
291001	12.24852204322815
238281	10.98461389541626
197697	8.79423189163208
199244	8.466235160827637
263408	9.687591075897217
321208	11.172929286956787
372058	12.602378606796265
387243	13.725793600082397
331415	13.61301875114441
278464	12.404969692230225
237464	11.024482011795044
236216	7.146939277648926
296232	10.027097463607788
354569	13.43696665763855
354569	12.833158254623413
45453	1.3853731155395508
68554	1.7869360446929932
88855	1.939734935760498
105732	2.089489698410034
106471	2.457918882369995
85403	2.3857998847961426
65804	1.9587829113006592
50176	1.5579149723052979
43072	1.4545443058013916
54693	1.463714838027954
77755	1.8542089462280273
97648	2.0113441944122314
113658	2.43534779548645
109920	2.492616891860962
109920	2.733386278152466
16937	0.4233834743499756
15263	0.31502509117126465
14569	0.42255711555480957
15991	0.43106651306152344
17741	0.436598539352417
19710	0.34475278854370117
21024	0.4618251323699951
20129	0.46215176582336426
18704	0.4723014831542969
16919	0.4504680633544922
16031	0.33607959747314453
16678	0.43018054962158203
16678	0.43732190132141113
70383	1.8890941143035889
61794	1.83040452003479
54080	1.4499359130859375
49125	1.408893346786499
53607	1.4001758098602295
63366	1.7587461471557617
71984	1.5093111991882324
79361	1.9125328063964844
77707	1.9282853603363037
69520	1.9008939266204834
61904	1.5103533267974854
56636	1.7865502834320068
60724	1.452347755432129
69277	1.4858288764953613
77706	1.865215539932251
85019	1.9816391468048096
82986	1.9888927936553955
75514	1.938687801361084
68069	1.9406239986419678
63261	1.5461540222167969
63261	1.8356702327728271
153612	4.3278772830963135
192760	5.157721281051636
226682	6.0426623821258545
255556	6.180297613143921
227127	7.224976301193237
191576	5.481740713119507
161551	5.845022439956665
144088	4.6011834144592285
179485	4.123632431030273
217171	5.973539590835571
251321	6.761541366577148
280457	7.128253936767578
252528	7.76731276512146
252528	7.140578508377075
162460	6.926033020019531
228221	8.132437944412231
285476	9.503774642944336
335624	10.894407987594604
348576	12.119810581207275
291001	11.901458740234375
238281	10.610011339187622
197697	8.308899164199829
199244	8.204317569732666
263408	9.357629776000977
321208	10.730802297592163
372058	12.062960386276245
387243	12.577621459960938
331415	14.194325923919678
278464	12.677773237228394
237464	9.306312799453735
236216	9.047099828720093
296232	10.250814199447632
354569	11.62084174156189
354569	21.075249195098877
16937	0.43528151512145996
15263	0.3208773136138916
14569	0.4172477722167969
15991	0.4080796241760254
17741	0.4198939800262451
19710	0.33510327339172363
21024	0.4463775157928467
20129	0.45710253715515137
18704	0.4405238628387451
16919	0.4260575771331787
16031	0.4196913242340088
16678	0.3158278465270996
16678	0.4282047748565674
70383	1.898188829421997
61794	1.8425757884979248
54080	1.4418013095855713
49125	1.7070693969726562
53607	1.0848309993743896
63366	1.8095886707305908
71984	1.5553851127624512
79361	1.944535255432129
77707	1.3536443710327148
69520	2.2615647315979004
61904	1.6139018535614014
56636	1.8708844184875488
60724	1.5483336448669434
69277	1.5882010459899902
77706	1.974776268005371
85019	2.36091947555542
82986	1.7969844341278076
75514	2.0521392822265625
68069	1.9577276706695557
63261	1.9379630088806152
63261	1.9266703128814697
45453	1.1220417022705078
68554	1.753004550933838
88855	1.9254567623138428
105732	2.308673620223999
106471	2.389277219772339
85403	2.32393741607666
65804	1.9325883388519287
50176	1.5358994007110596
43072	1.1803741455078125
54693	1.433454990386963
77755	1.5624568462371826
97648	2.2235822677612305
113658	2.3842334747314453
109920	2.705475091934204
109920	2.4498233795166016
153612	4.399988174438477
192760	5.188003301620483
226682	6.476244211196899
255556	6.291849136352539
227127	6.853691101074219
191576	5.557726621627808
161551	5.808935642242432
144088	5.716859340667725
179485	4.0833048820495605
217171	6.539900541305542
251321	6.363842010498047
280457	6.988750696182251
252528	7.1154069900512695
252528	7.432923316955566
162460	6.875560998916626
228221	8.162590265274048
285476	10.02951717376709
335624	11.13338327407837
348576	12.472890138626099
291001	12.4888916015625
238281	12.106503009796143
197697	9.02312183380127
199244	8.44228744506836
263408	9.660217523574829
321208	11.346573829650879
372058	13.309487104415894
387243	14.638911962509155
331415	14.109618663787842
278464	12.682837009429932
237464	10.545426845550537
236216	9.161951780319214
296232	10.397863388061523
354569	13.751203298568726
354569	13.707230806350708
162460	7.320570468902588
228221	8.631987571716309
285476	10.203223705291748
335624	11.677057266235352
348576	13.646018743515015
291001	12.972939729690552
238281	10.512391090393066
197697	9.229118347167969
199244	9.394221544265747
263408	10.773113250732422
321208	12.329339742660522
372058	12.657660961151123
387243	12.76599931716919
331415	13.70135235786438
278464	12.339605331420898
237464	10.027478218078613
236216	7.607709884643555
296232	10.69181513786316
354569	11.995330095291138
354569	13.310290813446045
45453	1.3719468116760254
68554	1.75990629196167
88855	2.010831356048584
105732	2.144895076751709
106471	2.785322427749634
85403	2.404839038848877
65804	1.678335189819336
50176	1.7874281406402588
43072	0.9931197166442871
54693	1.5440104007720947
77755	2.0266640186309814
97648	2.340891122817993
113658	2.447988271713257
109920	2.508901834487915
109920	2.5209474563598633
16937	0.4413614273071289
15263	0.42447495460510254
14569	0.3118736743927002
15991	0.4313530921936035
17741	0.4364333152770996
19710	0.45664405822753906
21024	0.4867367744445801
20129	0.48918986320495605
18704	0.49073028564453125
16919	0.46868014335632324
16031	0.4539802074432373
16678	0.35639262199401855
16678	0.4545156955718994
70383	1.9044532775878906
61794	1.917905569076538
54080	1.5200936794281006
49125	1.7936170101165771
53607	1.1584346294403076
63366	1.8573806285858154
71984	1.6211304664611816
79361	2.0456314086914062
77707	1.4216434955596924
69520	2.35245943069458
61904	1.7057597637176514
56636	1.9862663745880127
60724	1.6467840671539307
69277	1.6748125553131104
77706	2.075995445251465
