37101.0	1.4398322105407715
41277.0	1.326303482055664
50369.333333333336	1.7019236087799072
59990.75	2.032788038253784
69139.0	2.1250722408294678
75361.0	2.0530524253845215
76795.57142857143	1.725813627243042
75421.625	1.3867385387420654
77056.0	1.1227903366088867
76758.375	1.3258755207061768
75025.75	1.6697115898132324
73638.25	2.031792402267456
72627.75	2.153008222579956
73526.125	2.2017431259155273
76590.75	2.2045302391052246
158633.0	7.003653526306152
160546.5	7.154357671737671
183104.66666666666	8.398366451263428
208697.5	10.517534255981445
234082.8	10.885207414627075
253165.0	10.056015729904175
258570.14285714287	9.41922640800476
256034.0	7.355212211608887
260917.0	5.597944498062134
265515.0	8.314752101898193
269913.375	9.591276168823242
274379.875	10.76853632926941
278934.125	11.866578340530396
283767.5	10.971252679824829
288819.25	9.743062019348145
293842.125	7.841139793395996
298813.0	7.7562031745910645
303434.5	8.77933645248413
307537.5	10.905847072601318
311707.625	11.061301946640015
118036.0	4.3608012199401855
135824.0	4.246351480484009
154802.66666666666	5.871381759643555
172772.5	5.685482740402222
189329.2	6.8576819896698
195628.83333333334	5.268457889556885
195049.85714285713	5.658308267593384
190862.5	5.038987636566162
194119.0	4.9078614711761475
197353.125	5.770786285400391
200404.5	6.138882160186768
203484.375	7.184374809265137
206597.0	6.617749214172363
209772.125	7.147820711135864
18916.0	0.4150426387786865
17926.5	0.30652332305908203
17038.666666666668	0.38627171516418457
16421.25	0.38592076301574707
16335.2	0.31514525413513184
16569.5	0.40723228454589844
17018.14285714286	0.4140801429748535
17518.875	0.4183073043823242
17670.5	0.4131808280944824
17891.375	0.32614850997924805
18098.375	0.3959832191467285
18281.125	0.39864516258239746
18367.0	0.39937543869018555
73965.0	1.643930435180664
72174.0	1.6326813697814941
68714.0	1.3220140933990479
65055.5	1.5282223224639893
61869.4	1.2591588497161865
60492.333333333336	1.2996342182159424
60902.857142857145	1.6360526084899902
62288.0	1.6947643756866455
62962.5	1.72794508934021
63878.0	1.6808767318725586
64843.75	1.3627758026123047
65821.75	1.588221788406372
66760.625	1.3354542255401611
67650.25	1.6123604774475098
68389.125	1.40944504737854
69104.375	1.9881582260131836
69811.625	1.7525372505187988
70471.5	1.7366564273834229
71220.75	1.6760718822479248
71991.375	1.358358383178711
72819.5	1.6221835613250732
158633.0	6.316233158111572
160546.5	7.43474268913269
183104.66666666666	8.72660517692566
208697.5	9.833707809448242
234082.8	10.924908638000488
253165.0	10.685818195343018
258570.14285714287	9.493067979812622
256034.0	7.527724266052246
260917.0	6.5935869216918945
265515.0	8.627020835876465
269913.375	8.954703569412231
274379.875	11.630414724349976
278934.125	12.765718221664429
283767.5	11.035496711730957
288819.25	9.90012001991272
293842.125	9.415797710418701
298813.0	4.301488876342773
303434.5	9.469756126403809
307537.5	10.922342538833618
311707.625	11.8350248336792
18916.0	0.40720033645629883
17926.5	0.30811142921447754
17038.666666666668	0.3905000686645508
16421.25	0.39946818351745605
16335.2	0.308957576751709
16569.5	0.4112548828125
17018.14285714286	0.4343249797821045
17518.875	0.43344545364379883
17670.5	0.41418027877807617
17891.375	0.3166189193725586
18098.375	0.39703917503356934
18281.125	0.39369869232177734
18367.0	0.40207815170288086
37101.0	1.2449164390563965
41277.0	1.3584506511688232
50369.333333333336	1.9659583568572998
59990.75	1.883631706237793
69139.0	2.1614761352539062
75361.0	2.093808650970459
76795.57142857143	1.7409677505493164
75421.625	1.6658391952514648
77056.0	1.3165197372436523
76758.375	1.3045225143432617
75025.75	1.6354267597198486
73638.25	1.795642614364624
72627.75	2.3783512115478516
73526.125	2.2146687507629395
76590.75	2.168626308441162
73965.0	1.654829740524292
72174.0	1.6442592144012451
68714.0	1.3212788105010986
65055.5	1.5335025787353516
61869.4	1.2740633487701416
60492.333333333336	1.3208718299865723
60902.857142857145	1.63749098777771
62288.0	1.6964924335479736
62962.5	1.4535739421844482
63878.0	1.6915597915649414
64843.75	1.6407451629638672
65821.75	1.3165125846862793
66760.625	1.3130316734313965
67650.25	1.6293284893035889
68389.125	1.7065684795379639
69104.375	1.7715284824371338
69811.625	2.036742925643921
70471.5	1.7587616443634033
71220.75	1.6882810592651367
71991.375	1.3978524208068848
72819.5	1.6531651020050049
118036.0	3.921034336090088
135824.0	4.673929452896118
154802.66666666666	5.8857457637786865
172772.5	5.7327916622161865
189329.2	6.3267881870269775
195628.83333333334	5.614085674285889
195049.85714285713	5.519999980926514
190862.5	4.460397005081177
194119.0	3.079122543334961
197353.125	6.2385780811309814
200404.5	6.102621555328369
203484.375	7.233511686325073
206597.0	6.601808071136475
209772.125	6.665898561477661
158633.0	6.112184762954712
160546.5	6.3727805614471436
183104.66666666666	9.377655267715454
208697.5	9.787845849990845
234082.8	10.829837322235107
253165.0	10.923400640487671
258570.14285714287	10.55191159248352
256034.0	7.649536848068237
260917.0	7.355064153671265
265515.0	8.296324491500854
269913.375	9.568589210510254
274379.875	10.848912239074707
278934.125	11.121280908584595
283767.5	12.047288417816162
288819.25	9.882506132125854
293842.125	8.648526668548584
298813.0	6.790257930755615
303434.5	8.645197629928589
307537.5	10.763052225112915
311707.625	11.053141355514526
18916.0	0.40436601638793945
17926.5	0.3887155055999756
17038.666666666668	0.2940969467163086
16421.25	0.39783596992492676
16335.2	0.4104132652282715
16569.5	0.43218469619750977
17018.14285714286	0.44588470458984375
17518.875	0.4423654079437256
17670.5	0.42316675186157227
17891.375	0.42137789726257324
18098.375	0.41455793380737305
18281.125	0.41729092597961426
18367.0	0.33353233337402344
73965.0	1.671830415725708
72174.0	1.3798377513885498
68714.0	1.5843889713287354
65055.5	1.2802834510803223
61869.4	1.268911600112915
60492.333333333336	1.5694506168365479
60902.857142857145	1.3640668392181396
62288.0	1.7015817165374756
62962.5	1.4753990173339844
63878.0	1.708235502243042
64843.75	1.383711338043213
65821.75	1.6014351844787598
66760.625	1.3126819133758545
67650.25	1.6206324100494385
68389.125	1.6769232749938965
69104.375	1.7571485042572021
69811.625	1.8033921718597412
70471.5	1.7469768524169922
71220.75	1.704735279083252
71991.375	1.6480469703674316
72819.5	1.3578379154205322
37101.0	1.0523595809936523
41277.0	1.6160290241241455
50369.333333333336	1.7961201667785645
59990.75	2.1376893520355225
69139.0	2.213315725326538
75361.0	2.1385505199432373
76795.57142857143	1.7529585361480713
75421.625	1.3972082138061523
77056.0	1.2980520725250244
76758.375	1.309971570968628
75025.75	1.6480681896209717
73638.25	1.850038766860962
72627.75	2.404294490814209
73526.125	2.265246868133545
76590.75	2.2164318561553955
118036.0	3.869811534881592
135824.0	5.096226453781128
154802.66666666666	5.391949415206909
172772.5	6.07795524597168
189329.2	6.702658653259277
195628.83333333334	5.0049028396606445
195049.85714285713	4.728120803833008
190862.5	4.720392942428589
194119.0	3.2856879234313965
197353.125	5.773434400558472
200404.5	5.651444911956787
203484.375	6.390777826309204
206597.0	6.841007947921753
209772.125	6.710773944854736
158633.0	6.298810720443726
160546.5	7.318774938583374
183104.66666666666	8.55047869682312
208697.5	10.726365566253662
234082.8	10.89211893081665
253165.0	10.802870750427246
258570.14285714287	8.670840740203857
256034.0	7.5238401889801025
260917.0	4.934642553329468
265515.0	9.37109112739563
269913.375	8.903704166412354
274379.875	11.736271619796753
278934.125	12.107943534851074
283767.5	10.415490865707397
288819.25	10.916142463684082
293842.125	8.678983926773071
298813.0	5.991628646850586
303434.5	9.524569749832153
307537.5	10.726722478866577
311707.625	11.772256851196289
118036.0	3.938835382461548
135824.0	4.725975513458252
154802.66666666666	5.459240198135376
172772.5	5.695130348205566
189329.2	6.634443759918213
195628.83333333334	5.0719122886657715
195049.85714285713	5.239013910293579
190862.5	4.226805925369263
194119.0	3.346717119216919
197353.125	5.881524085998535
200404.5	5.796482563018799
203484.375	7.000775575637817
206597.0	6.65213942527771
209772.125	6.948826313018799
37101.0	1.2664623260498047
41277.0	1.3811087608337402
50369.333333333336	1.755777359008789
59990.75	2.122692346572876
69139.0	2.1901228427886963
75361.0	2.1173598766326904
76795.57142857143	1.7621607780456543
75421.625	1.4303958415985107
77056.0	1.1031494140625
76758.375	1.3093221187591553
75025.75	1.6427977085113525
73638.25	2.031200408935547
72627.75	2.166243553161621
73526.125	2.4357383251190186
76590.75	2.222250461578369
73965.0	1.6923928260803223
72174.0	1.651268720626831
68714.0	1.316920518875122
65055.5	1.5819947719573975
61869.4	1.2957427501678467
60492.333333333336	1.3513295650482178
60902.857142857145	1.4088263511657715
62288.0	1.7372968196868896
62962.5	1.4838342666625977
63878.0	1.7212796211242676
64843.75	1.3793163299560547
65821.75	1.602180004119873
66760.625	1.311302661895752
67650.25	1.637070655822754
68389.125	1.686342716217041
69104.375	1.7563977241516113
69811.625	2.044287919998169
70471.5	1.7642245292663574
71220.75	1.7622156143188477
71991.375	1.4400856494903564
72819.5	1.6877532005310059
18916.0	0.31998610496520996
17926.5	0.3957052230834961
17038.666666666668	0.38756275177001953
16421.25	0.39781856536865234
16335.2	0.3096802234649658
16569.5	0.41045236587524414
17018.14285714286	0.42324280738830566
17518.875	0.42513537406921387
17670.5	0.327960729598999
17891.375	0.4050145149230957
18098.375	0.398540735244751
18281.125	0.398151159286499
18367.0	0.40091705322265625
158633.0	6.207961320877075
160546.5	7.281017780303955
183104.66666666666	8.631138563156128
208697.5	10.725175142288208
234082.8	11.3556067943573
253165.0	10.982068061828613
258570.14285714287	8.873502731323242
256034.0	8.524889469146729
260917.0	5.813408851623535
265515.0	8.543401956558228
269913.375	9.922022819519043
274379.875	11.206382036209106
278934.125	13.239560842514038
283767.5	12.2591233253479
288819.25	11.072885751724243
293842.125	8.99198842048645
298813.0	8.732678890228271
303434.5	9.023542165756226
307537.5	12.09434461593628
311707.625	10.78252124786377
37101.0	1.049018144607544
41277.0	1.6200761795043945
50369.333333333336	1.7707200050354004
59990.75	1.9155795574188232
69139.0	2.43221116065979
75361.0	1.936182975769043
76795.57142857143	1.8734517097473145
75421.625	1.72127103805542
77056.0	1.394284963607788
76758.375	1.411733865737915
75025.75	1.769331693649292
73638.25	1.9581949710845947
72627.75	2.339773416519165
73526.125	2.417449474334717
76590.75	2.6503548622131348
18916.0	0.40154170989990234
17926.5	0.39354538917541504
17038.666666666668	0.3026304244995117
16421.25	0.39553356170654297
16335.2	0.3921501636505127
16569.5	0.334247350692749
17018.14285714286	0.4140291213989258
17518.875	0.4243035316467285
17670.5	0.4200470447540283
17891.375	0.41135287284851074
18098.375	0.39600682258605957
18281.125	0.3179657459259033
18367.0	0.396453857421875
118036.0	4.385500431060791
135824.0	4.69977331161499
154802.66666666666	5.53164529800415
172772.5	5.7005486488342285
189329.2	6.562735080718994
195628.83333333334	5.419916152954102
195049.85714285713	4.6950905323028564
190862.5	4.111696243286133
194119.0	4.167399883270264
197353.125	5.310120344161987
200404.5	5.5639097690582275
203484.375	6.772700071334839
206597.0	6.319483757019043
209772.125	6.670194625854492
73965.0	1.7253787517547607
72174.0	1.7064454555511475
68714.0	1.3797307014465332
65055.5	1.3079898357391357
61869.4	1.295053482055664
60492.333333333336	1.6326520442962646
60902.857142857145	1.428001880645752
62288.0	1.7989940643310547
62962.5	1.6196305751800537
63878.0	1.8432352542877197
64843.75	1.4936296939849854
65821.75	1.7598495483398438
66760.625	1.4847323894500732
67650.25	1.8215506076812744
68389.125	1.8971590995788574
69104.375	1.9796035289764404
69811.625	1.999145746231079
70471.5	1.892026424407959
71220.75	1.91441011428833
71991.375	1.864072561264038
72819.5	1.545379638671875
37101.0	1.0494394302368164
41277.0	1.6031677722930908
50369.333333333336	1.7568187713623047
59990.75	2.1090919971466064
69139.0	2.1864185333251953
75361.0	2.1466917991638184
76795.57142857143	1.7895472049713135
75421.625	1.4491496086120605
77056.0	1.328031301498413
76758.375	1.3261380195617676
75025.75	1.6548497676849365
73638.25	1.8266410827636719
72627.75	2.3789708614349365
73526.125	2.227433204650879
76590.75	2.2096145153045654
158633.0	7.111103534698486
160546.5	7.422793388366699
183104.66666666666	8.770789623260498
208697.5	10.965645551681519
234082.8	11.160419464111328
253165.0	10.023297548294067
258570.14285714287	9.64439606666565
256034.0	7.593101501464844
260917.0	5.725778818130493
265515.0	8.44769549369812
269913.375	9.684573650360107
274379.875	10.967080116271973
278934.125	12.090107679367065
283767.5	11.097490310668945
288819.25	9.871247053146362
293842.125	7.883636474609375
298813.0	7.700193881988525
303434.5	8.751857995986938
307537.5	10.828824043273926
311707.625	11.327962875366211
118036.0	4.492090225219727
135824.0	4.3335280418396
154802.66666666666	5.999087810516357
172772.5	5.721676588058472
189329.2	6.665502071380615
195628.83333333334	5.292739152908325
195049.85714285713	5.556823015213013
190862.5	4.829991579055786
194119.0	4.817198038101196
197353.125	5.56143856048584
200404.5	5.929689645767212
203484.375	7.096920490264893
206597.0	6.741736650466919
209772.125	7.024963855743408
18916.0	0.4092986583709717
17926.5	0.30951356887817383
17038.666666666668	0.39467716217041016
16421.25	0.38555312156677246
16335.2	0.31325268745422363
16569.5	0.4146571159362793
17018.14285714286	0.43271923065185547
17518.875	0.4421706199645996
17670.5	0.4280850887298584
17891.375	0.31287503242492676
18098.375	0.39366602897644043
18281.125	0.40004515647888184
18367.0	0.3964829444885254
73965.0	1.6891062259674072
72174.0	1.6695277690887451
68714.0	1.350874423980713
65055.5	1.5718610286712646
61869.4	1.279817819595337
60492.333333333336	1.3314440250396729
60902.857142857145	1.656614065170288
62288.0	1.7290761470794678
62962.5	1.7564764022827148
63878.0	1.7120051383972168
64843.75	1.3859622478485107
65821.75	1.614365816116333
66760.625	1.3494246006011963
67650.25	1.659428358078003
68389.125	1.4519474506378174
69104.375	2.0401082038879395
69811.625	1.805171012878418
70471.5	1.745985984802246
71220.75	1.6976191997528076
71991.375	1.3933923244476318
72819.5	1.6334214210510254
18916.0	0.4170999526977539
17926.5	0.30519723892211914
17038.666666666668	0.38579487800598145
16421.25	0.38541579246520996
16335.2	0.3074486255645752
16569.5	0.4251220226287842
17018.14285714286	0.44731998443603516
17518.875	0.4591975212097168
17670.5	0.354022741317749
17891.375	0.4399147033691406
18098.375	0.41797924041748047
18281.125	0.4162733554840088
18367.0	0.4330165386199951
73965.0	1.6530282497406006
72174.0	1.6197383403778076
68714.0	1.3073346614837646
65055.5	1.2733023166656494
61869.4	1.5412602424621582
60492.333333333336	1.3243460655212402
60902.857142857145	1.3777108192443848
62288.0	1.9526350498199463
62962.5	1.1788434982299805
63878.0	1.936631679534912
64843.75	1.3610069751739502
65821.75	1.325212001800537
66760.625	1.574826955795288
67650.25	1.6368582248687744
68389.125	1.4217936992645264
69104.375	1.9942526817321777
69811.625	1.769338846206665
70471.5	1.7514963150024414
71220.75	1.7370209693908691
71991.375	1.6855602264404297
72819.5	1.3881702423095703
158633.0	6.266661882400513
160546.5	7.484367847442627
183104.66666666666	9.694162607192993
208697.5	10.137812614440918
234082.8	11.952644348144531
253165.0	11.71059250831604
258570.14285714287	8.777418375015259
256034.0	8.382906913757324
260917.0	4.083888053894043
265515.0	8.395187854766846
269913.375	9.63706088066101
274379.875	10.92432188987732
278934.125	11.223251581192017
283767.5	12.240693092346191
288819.25	11.261173725128174
293842.125	9.1204514503479
298813.0	8.857890605926514
303434.5	9.917206048965454
307537.5	11.19417953491211
311707.625	11.4421968460083
37101.0	1.0595777034759521
41277.0	1.6101863384246826
50369.333333333336	1.7955138683319092
59990.75	2.123868465423584
69139.0	2.190234661102295
75361.0	2.1372039318084717
76795.57142857143	1.7694761753082275
75421.625	1.4067485332489014
77056.0	1.1131327152252197
76758.375	1.3437581062316895
75025.75	1.6838064193725586
73638.25	1.8376638889312744
72627.75	2.192237138748169
73526.125	2.519752025604248
76590.75	2.273101329803467
118036.0	3.979379177093506
135824.0	4.826603651046753
154802.66666666666	5.641712665557861
172772.5	6.222669839859009
189329.2	6.191118478775024
195628.83333333334	5.025778293609619
195049.85714285713	5.211512327194214
190862.5	4.147837400436401
194119.0	3.2513246536254883
197353.125	5.433854341506958
200404.5	6.199390411376953
203484.375	6.9337968826293945
206597.0	6.505374431610107
209772.125	6.824480295181274
18916.0	0.3162667751312256
17926.5	0.3888065814971924
17038.666666666668	0.3841986656188965
16421.25	0.31837916374206543
16335.2	0.41408205032348633
16569.5	0.4298889636993408
17018.14285714286	0.45601534843444824
17518.875	0.4601407051086426
17670.5	0.3456754684448242
17891.375	0.43187975883483887
18098.375	0.4172089099884033
18281.125	0.41832447052001953
18367.0	0.42340540885925293
158633.0	6.134540796279907
160546.5	7.409947395324707
183104.66666666666	9.54253888130188
208697.5	10.872925996780396
234082.8	11.198065042495728
253165.0	11.074524402618408
258570.14285714287	8.795112133026123
256034.0	7.585221529006958
260917.0	4.823913097381592
265515.0	9.186461687088013
269913.375	8.915678262710571
274379.875	11.869327306747437
278934.125	12.178463459014893
283767.5	10.383991718292236
288819.25	10.768089056015015
293842.125	8.698810815811157
298813.0	6.08261513710022
303434.5	9.619152545928955
307537.5	10.80434536933899
311707.625	11.81281328201294
118036.0	3.9985127449035645
135824.0	4.766392469406128
154802.66666666666	5.4889976978302
172772.5	5.732788324356079
189329.2	6.669707775115967
195628.83333333334	5.0782387256622314
195049.85714285713	5.267324447631836
190862.5	4.169297695159912
194119.0	3.252699136734009
197353.125	5.81694221496582
200404.5	5.651072025299072
203484.375	6.82431697845459
206597.0	6.418310642242432
209772.125	6.780723333358765
37101.0	1.27154541015625
41277.0	1.3905096054077148
50369.333333333336	1.7820830345153809
59990.75	2.1536107063293457
69139.0	2.190523386001587
75361.0	2.159950017929077
76795.57142857143	1.780395269393921
75421.625	1.410651445388794
77056.0	1.1110966205596924
76758.375	1.339198350906372
75025.75	1.6677279472351074
73638.25	2.0714058876037598
72627.75	2.2149429321289062
73526.125	2.5075018405914307
76590.75	2.276275873184204
73965.0	1.7161180973052979
72174.0	1.6867291927337646
68714.0	1.3666167259216309
65055.5	1.5794312953948975
61869.4	1.3017024993896484
60492.333333333336	1.3650195598602295
60902.857142857145	1.4467787742614746
62288.0	1.8059883117675781
62962.5	1.5951600074768066
63878.0	1.8130970001220703
64843.75	1.5252594947814941
65821.75	1.7789998054504395
66760.625	1.4816505908966064
67650.25	1.807969093322754
68389.125	1.8706250190734863
69104.375	1.936474323272705
69811.625	2.247708559036255
70471.5	1.9068372249603271
71220.75	1.9417130947113037
71991.375	1.5686652660369873
72819.5	1.8085918426513672
37101.0	1.2934000492095947
41277.0	1.3993208408355713
50369.333333333336	1.9914507865905762
59990.75	1.9434881210327148
69139.0	2.4390971660614014
75361.0	1.9477598667144775
76795.57142857143	1.7768802642822266
75421.625	1.6444470882415771
77056.0	1.3279073238372803
76758.375	1.3284046649932861
75025.75	1.6665241718292236
73638.25	1.8721628189086914
72627.75	2.194147825241089
73526.125	2.2884480953216553
76590.75	2.5135061740875244
118036.0	3.5125772953033447
135824.0	4.733151912689209
154802.66666666666	5.962649345397949
172772.5	6.221359729766846
189329.2	6.284207820892334
195628.83333333334	5.1324920654296875
195049.85714285713	5.3422324657440186
190862.5	4.235666990280151
194119.0	2.822131395339966
197353.125	5.845901250839233
200404.5	5.672107458114624
203484.375	6.809832572937012
206597.0	6.895038843154907
209772.125	6.791842222213745
73965.0	1.7626068592071533
72174.0	1.7145636081695557
68714.0	1.6635105609893799
65055.5	1.3017380237579346
61869.4	1.301544427871704
60492.333333333336	1.3537626266479492
60902.857142857145	1.7090950012207031
62288.0	1.7653324604034424
62962.5	1.5464720726013184
63878.0	1.7677862644195557
64843.75	1.406480312347412
65821.75	1.6392223834991455
66760.625	1.3495261669158936
67650.25	1.684812307357788
68389.125	1.754486083984375
69104.375	1.7903287410736084
69811.625	2.1147961616516113
70471.5	1.8336412906646729
71220.75	1.7817280292510986
71991.375	1.4245929718017578
72819.5	1.6781964302062988
158633.0	6.20290732383728
160546.5	7.305745840072632
183104.66666666666	9.674245834350586
208697.5	10.14445948600769
234082.8	12.170429944992065
253165.0	10.301151275634766
258570.14285714287	9.028292655944824
256034.0	8.774574756622314
260917.0	4.356837511062622
265515.0	8.804867267608643
269913.375	10.370430946350098
274379.875	10.948039770126343
278934.125	12.720665454864502
283767.5	12.492300033569336
288819.25	10.732473611831665
293842.125	9.524571180343628
298813.0	8.358207941055298
303434.5	9.414379358291626
307537.5	10.766923666000366
311707.625	13.565066814422607
18916.0	0.41023707389831543
17926.5	0.4019021987915039
17038.666666666668	0.3076047897338867
16421.25	0.3951535224914551
16335.2	0.40770649909973145
16569.5	0.4217500686645508
17018.14285714286	0.43835973739624023
17518.875	0.4412097930908203
17670.5	0.33971285820007324
17891.375	0.41734933853149414
18098.375	0.3143131732940674
18281.125	0.40652918815612793
18367.0	0.40181899070739746
118036.0	3.9249837398529053
135824.0	4.715560436248779
154802.66666666666	5.9168102741241455
172772.5	5.6288933753967285
189329.2	6.101583480834961
195628.83333333334	5.420710563659668
195049.85714285713	5.260317087173462
190862.5	4.247530221939087
194119.0	2.917287826538086
197353.125	5.933138132095337
200404.5	5.76673150062561
203484.375	7.048594236373901
206597.0	7.211643695831299
209772.125	6.4687559604644775
73965.0	1.697371482849121
72174.0	1.6941218376159668
68714.0	1.3500630855560303
65055.5	1.301173210144043
61869.4	1.2905290126800537
60492.333333333336	1.6179628372192383
60902.857142857145	1.4457473754882812
62288.0	1.7986419200897217
62962.5	1.3178935050964355
63878.0	2.0818674564361572
64843.75	1.5265326499938965
65821.75	1.76155686378479
66760.625	1.4906749725341797
67650.25	1.520798683166504
68389.125	1.873610496520996
69104.375	2.2241804599761963
69811.625	1.9884374141693115
70471.5	1.8822498321533203
71220.75	1.8986427783966064
71991.375	1.8742051124572754
72819.5	1.5593907833099365
158633.0	6.229903697967529
160546.5	6.486459970474243
183104.66666666666	9.70548963546753
208697.5	10.914762020111084
234082.8	10.138083457946777
253165.0	11.793938636779785
258570.14285714287	9.014985799789429
256034.0	8.633113622665405
260917.0	5.8404974937438965
265515.0	9.52231764793396
269913.375	10.017343997955322
274379.875	11.288307189941406
278934.125	13.297850608825684
283767.5	11.141808032989502
288819.25	10.791065216064453
293842.125	8.92145562171936
298813.0	5.423219680786133
303434.5	8.967101573944092
307537.5	11.056933403015137
311707.625	11.386922597885132
37101.0	1.0654096603393555
41277.0	1.6449425220489502
50369.333333333336	1.7946014404296875
59990.75	2.1906282901763916
69139.0	2.250478744506836
75361.0	1.9392635822296143
76795.57142857143	1.7577357292175293
75421.625	1.6162021160125732
77056.0	1.0963754653930664
76758.375	1.1203022003173828
75025.75	1.6834394931793213
73638.25	2.0826051235198975
72627.75	2.2120847702026367
73526.125	2.2555007934570312
76590.75	2.4764671325683594
18916.0	0.31593799591064453
17926.5	0.40279603004455566
17038.666666666668	0.38808512687683105
16421.25	0.3051142692565918
16335.2	0.4001133441925049
16569.5	0.4141502380371094
17018.14285714286	0.43421363830566406
17518.875	0.42771124839782715
17670.5	0.4191603660583496
17891.375	0.4132387638092041
18098.375	0.4193689823150635
18281.125	0.3085615634918213
18367.0	0.39772677421569824
158633.0	6.195211410522461
160546.5	7.244832754135132
183104.66666666666	8.546094179153442
208697.5	10.744746208190918
234082.8	11.005060195922852
253165.0	10.8729887008667
258570.14285714287	8.89925742149353
256034.0	8.614362001419067
260917.0	5.749229431152344
265515.0	8.492447137832642
269913.375	9.752657651901245
274379.875	11.086815118789673
278934.125	12.824580907821655
283767.5	12.01403546333313
288819.25	11.017385005950928
293842.125	8.922382116317749
298813.0	8.60656476020813
303434.5	8.679065704345703
307537.5	11.716081142425537
311707.625	10.496899366378784
118036.0	3.9600985050201416
135824.0	4.7480409145355225
154802.66666666666	5.98946738243103
172772.5	6.2793121337890625
189329.2	6.245051860809326
195628.83333333334	5.568157911300659
195049.85714285713	4.8309760093688965
190862.5	4.653519630432129
194119.0	3.7922496795654297
197353.125	5.951627016067505
200404.5	5.676876068115234
203484.375	6.374565362930298
206597.0	6.91827392578125
209772.125	6.4704015254974365
18916.0	0.3961358070373535
17926.5	0.39408278465270996
17038.666666666668	0.3861517906188965
16421.25	0.30966782569885254
16335.2	0.4186525344848633
16569.5	0.4255657196044922
17018.14285714286	0.4503664970397949
17518.875	0.4602503776550293
17670.5	0.3597381114959717
17891.375	0.4616966247558594
18098.375	0.44152307510375977
18281.125	0.3458738327026367
18367.0	0.44272780418395996
73965.0	1.7065720558166504
72174.0	1.6652517318725586
68714.0	1.336672067642212
65055.5	1.552363634109497
61869.4	1.2784736156463623
60492.333333333336	1.3291294574737549
60902.857142857145	1.706878423690796
62288.0	1.8060076236724854
62962.5	1.8553085327148438
63878.0	1.8036949634552002
64843.75	1.7798926830291748
65821.75	1.4779589176177979
66760.625	1.4386131763458252
67650.25	1.7480850219726562
68389.125	1.8129169940948486
69104.375	1.9357445240020752
69811.625	1.8923277854919434
70471.5	2.104304790496826
71220.75	1.8524134159088135
71991.375	1.5319287776947021
72819.5	1.7718534469604492
37101.0	1.0365219116210938
41277.0	1.5787882804870605
50369.333333333336	1.7485167980194092
59990.75	2.1040115356445312
69139.0	2.195458173751831
75361.0	1.889115571975708
76795.57142857143	1.9488756656646729
75421.625	1.4116795063018799
77056.0	0.9182946681976318
76758.375	1.3396165370941162
75025.75	1.6650054454803467
73638.25	2.068754196166992
72627.75	2.246439218521118
73526.125	2.252007484436035
76590.75	2.2233517169952393
18916.0	0.39696836471557617
17926.5	0.30074429512023926
17038.666666666668	0.3770253658294678
16421.25	0.3906078338623047
16335.2	0.31207275390625
16569.5	0.4144124984741211
17018.14285714286	0.4281196594238281
17518.875	0.4218161106109619
17670.5	0.4099001884460449
17891.375	0.40593719482421875
18098.375	0.31004834175109863
18281.125	0.3951704502105713
18367.0	0.40133237838745117
73965.0	1.6515460014343262
72174.0	1.6436734199523926
68714.0	1.305781364440918
65055.5	1.2797036170959473
61869.4	1.2803406715393066
60492.333333333336	1.6010677814483643
60902.857142857145	1.3903841972351074
62288.0	1.6726949214935303
62962.5	1.1960234642028809
63878.0	1.967566728591919
64843.75	1.3706426620483398
65821.75	1.5869524478912354
66760.625	1.3177917003631592
67650.25	1.6527020931243896
68389.125	1.4654438495635986
69104.375	2.038074493408203
69811.625	1.7979331016540527
70471.5	1.7627348899841309
71220.75	1.6830401420593262
71991.375	1.6318740844726562
72819.5	1.6247265338897705
118036.0	3.8696815967559814
135824.0	4.63475227355957
154802.66666666666	5.789419889450073
172772.5	6.028937816619873
189329.2	6.095743656158447
195628.83333333334	5.399657964706421
195049.85714285713	4.710393667221069
190862.5	4.589858770370483
194119.0	3.2711827754974365
197353.125	5.784466743469238
200404.5	5.608562231063843
203484.375	6.3251261711120605
206597.0	6.8221752643585205
209772.125	6.1905198097229
37101.0	1.2828905582427979
41277.0	1.405057668685913
50369.333333333336	1.786306619644165
59990.75	2.130943775177002
69139.0	2.22952938079834
75361.0	2.167360305786133
76795.57142857143	1.7945201396942139
75421.625	1.6394283771514893
77056.0	0.8924891948699951
76758.375	1.3428263664245605
75025.75	1.6726341247558594
73638.25	1.8199527263641357
72627.75	2.384389638900757
73526.125	2.2234866619110107
76590.75	2.2087419033050537
158633.0	7.048414707183838
160546.5	7.344359636306763
183104.66666666666	8.603334426879883
208697.5	10.691520929336548
234082.8	10.926433324813843
253165.0	10.165552139282227
258570.14285714287	9.855802297592163
256034.0	8.003294467926025
260917.0	6.094143867492676
265515.0	8.819794178009033
269913.375	10.29023003578186
274379.875	11.639842510223389
278934.125	12.817991495132446
283767.5	11.645734786987305
288819.25	10.568722009658813
293842.125	8.690345764160156
298813.0	8.43070673942566
303434.5	9.537445068359375
307537.5	11.704421758651733
311707.625	12.024534940719604
73965.0	1.6986582279205322
72174.0	1.6665782928466797
68714.0	1.6046133041381836
65055.5	1.2947838306427002
61869.4	1.2868270874023438
60492.333333333336	1.332876205444336
60902.857142857145	1.6796002388000488
62288.0	1.7324304580688477
62962.5	1.216459035873413
63878.0	2.046704053878784
64843.75	1.5122551918029785
65821.75	1.737830638885498
66760.625	1.4537668228149414
67650.25	1.7638378143310547
68389.125	1.8509082794189453
69104.375	1.8917083740234375
69811.625	1.9488344192504883
70471.5	1.9255666732788086
71220.75	1.8751044273376465
71991.375	1.5349435806274414
72819.5	1.7901735305786133
37101.0	1.2745678424835205
41277.0	1.3915581703186035
50369.333333333336	1.780773639678955
59990.75	2.121002435684204
69139.0	2.215665578842163
75361.0	2.173112630844116
76795.57142857143	1.8036811351776123
75421.625	1.4225366115570068
77056.0	1.128835916519165
76758.375	1.3566792011260986
75025.75	1.705881118774414
73638.25	1.8701214790344238
72627.75	2.282707452774048
73526.125	2.664858818054199
76590.75	2.4085047245025635
118036.0	3.9243035316467285
135824.0	4.689154863357544
154802.66666666666	5.462950944900513
172772.5	6.148414373397827
189329.2	6.229684352874756
195628.83333333334	5.011785984039307
195049.85714285713	5.2245237827301025
190862.5	4.120549917221069
194119.0	3.2490954399108887
197353.125	5.40600848197937
200404.5	6.224773406982422
203484.375	6.432920217514038
206597.0	6.786318778991699
209772.125	6.221574544906616
158633.0	6.3428168296813965
160546.5	7.337498664855957
183104.66666666666	8.562515497207642
208697.5	9.823664903640747
234082.8	11.874491930007935
253165.0	10.997642278671265
258570.14285714287	8.918720722198486
256034.0	8.466531038284302
260917.0	6.593377590179443
265515.0	8.571711778640747
269913.375	9.05408239364624
274379.875	12.004861831665039
278934.125	13.162006616592407
283767.5	11.649456977844238
288819.25	10.271924495697021
293842.125	9.737247467041016
298813.0	4.562226057052612
303434.5	9.878386974334717
307537.5	11.000436544418335
311707.625	12.090641975402832
18916.0	0.41149187088012695
17926.5	0.3122284412384033
17038.666666666668	0.3930506706237793
16421.25	0.38970947265625
16335.2	0.3134150505065918
16569.5	0.4237089157104492
17018.14285714286	0.4313538074493408
17518.875	0.4446873664855957
17670.5	0.43572330474853516
17891.375	0.34984731674194336
18098.375	0.4227290153503418
18281.125	0.4272277355194092
18367.0	0.4226255416870117
73965.0	1.704460620880127
72174.0	1.6722767353057861
68714.0	1.5943894386291504
65055.5	1.2831602096557617
61869.4	1.0231335163116455
60492.333333333336	1.6334731578826904
60902.857142857145	1.7388739585876465
62288.0	1.496192455291748
62962.5	1.294123888015747
63878.0	1.7666935920715332
64843.75	1.7451486587524414
65821.75	1.7203271389007568
66760.625	1.4350090026855469
67650.25	1.7383716106414795
68389.125	1.8223140239715576
69104.375	1.9365513324737549
69811.625	1.7114548683166504
70471.5	1.8739278316497803
71220.75	1.867422342300415
71991.375	1.8016762733459473
72819.5	1.5153307914733887
37101.0	1.2706563472747803
41277.0	1.3832550048828125
50369.333333333336	1.7435832023620605
59990.75	2.1114938259124756
69139.0	2.1786081790924072
75361.0	2.1235175132751465
76795.57142857143	1.771179437637329
75421.625	1.4355974197387695
77056.0	1.1285645961761475
76758.375	1.3280634880065918
75025.75	1.684166431427002
73638.25	2.0600569248199463
72627.75	2.1819815635681152
73526.125	2.4489524364471436
76590.75	2.233316421508789
118036.0	3.9439139366149902
135824.0	4.735812187194824
154802.66666666666	5.932078838348389
172772.5	6.143173456192017
189329.2	6.157973289489746
195628.83333333334	5.480799913406372
195049.85714285713	4.751368761062622
190862.5	4.122237682342529
194119.0	3.2274749279022217
197353.125	5.789792776107788
200404.5	5.6070051193237305
203484.375	6.771560192108154
206597.0	6.870021820068359
209772.125	6.367270469665527
18916.0	0.41011905670166016
17926.5	0.395399808883667
17038.666666666668	0.3031735420227051
16421.25	0.38602256774902344
16335.2	0.4006636142730713
16569.5	0.3279581069946289
17018.14285714286	0.4245777130126953
17518.875	0.427809476852417
17670.5	0.41918230056762695
17891.375	0.413454532623291
18098.375	0.399491548538208
18281.125	0.3098728656768799
18367.0	0.40624237060546875
158633.0	6.276494979858398
160546.5	7.441911220550537
183104.66666666666	9.664556503295898
208697.5	10.129511594772339
234082.8	11.799044847488403
253165.0	11.73193621635437
258570.14285714287	8.895410537719727
256034.0	8.571531295776367
260917.0	4.117870092391968
265515.0	8.639496326446533
269913.375	9.874468803405762
274379.875	11.30190396308899
278934.125	11.580318689346313
283767.5	12.315290451049805
288819.25	11.346385478973389
293842.125	9.45106816291809
298813.0	9.003071069717407
303434.5	10.019231796264648
307537.5	11.35835862159729
311707.625	12.611598491668701
73965.0	1.7247912883758545
72174.0	1.7107934951782227
68714.0	1.673677682876587
65055.5	1.3278236389160156
61869.4	1.3289356231689453
60492.333333333336	1.3979077339172363
60902.857142857145	1.7427897453308105
62288.0	1.8102741241455078
62962.5	1.3173854351043701
63878.0	2.128498077392578
64843.75	1.5569953918457031
65821.75	1.7805490493774414
66760.625	1.5248563289642334
67650.25	1.8635573387145996
68389.125	1.9419066905975342
69104.375	2.010104179382324
69811.625	2.049614429473877
70471.5	2.0129802227020264
71220.75	1.9689228534698486
71991.375	1.581658124923706
72819.5	1.8258416652679443
158633.0	7.254236221313477
160546.5	7.466715574264526
183104.66666666666	8.664509773254395
208697.5	10.734227180480957
234082.8	11.05001163482666
253165.0	10.02938175201416
258570.14285714287	9.68036413192749
256034.0	7.565812587738037
260917.0	5.784609079360962
265515.0	8.511970281600952
269913.375	9.908523559570312
274379.875	11.085005044937134
278934.125	12.18041181564331
283767.5	11.20176911354065
288819.25	9.975478410720825
293842.125	7.910098552703857
298813.0	7.724178791046143
303434.5	8.77901577949524
307537.5	10.882298231124878
311707.625	11.198340892791748
37101.0	1.3028216361999512
41277.0	1.4076273441314697
50369.333333333336	2.0552148818969727
59990.75	1.9843146800994873
69139.0	2.2729697227478027
75361.0	2.226306915283203
76795.57142857143	1.817535161972046
75421.625	1.677168846130371
77056.0	1.347581386566162
76758.375	1.3443284034729004
75025.75	1.689211130142212
73638.25	1.8544352054595947
72627.75	2.46634840965271
73526.125	2.331237316131592
76590.75	2.330369710922241
118036.0	4.016429424285889
135824.0	4.826129198074341
154802.66666666666	5.988178014755249
172772.5	5.755977630615234
189329.2	6.278133869171143
195628.83333333334	5.08257532119751
195049.85714285713	5.290631294250488
190862.5	4.259413957595825
194119.0	3.8191206455230713
197353.125	5.581110954284668
200404.5	5.911140441894531
203484.375	6.635481119155884
206597.0	7.135143041610718
209772.125	6.421595811843872
18916.0	0.40757107734680176
17926.5	0.30333709716796875
17038.666666666668	0.38980913162231445
16421.25	0.38272905349731445
16335.2	0.3060791492462158
16569.5	0.4133338928222656
17018.14285714286	0.4248027801513672
17518.875	0.4307568073272705
17670.5	0.33011364936828613
17891.375	0.41208744049072266
18098.375	0.4024996757507324
18281.125	0.404620885848999
18367.0	0.4013862609863281
73965.0	1.7005138397216797
72174.0	1.6716063022613525
68714.0	1.325653314590454
65055.5	1.2811036109924316
61869.4	1.543454647064209
60492.333333333336	1.3227298259735107
60902.857142857145	1.3810648918151855
62288.0	2.0215439796447754
62962.5	1.2157652378082275
63878.0	1.9963395595550537
64843.75	1.3912365436553955
65821.75	1.361863136291504
66760.625	1.626678705215454
67650.25	1.6755802631378174
68389.125	1.4584386348724365
69104.375	2.0698113441467285
69811.625	1.864227294921875
70471.5	1.7728426456451416
71220.75	1.7392029762268066
71991.375	1.7816503047943115
72819.5	1.4549822807312012
18916.0	0.3188493251800537
17926.5	0.38452744483947754
17038.666666666668	0.38562512397766113
16421.25	0.3007047176361084
16335.2	0.3978748321533203
16569.5	0.41567277908325195
17018.14285714286	0.4221196174621582
17518.875	0.42937564849853516
17670.5	0.3319077491760254
17891.375	0.4244258403778076
18098.375	0.3963451385498047
18281.125	0.3060746192932129
18367.0	0.4001045227050781
118036.0	3.5211000442504883
135824.0	4.736865520477295
154802.66666666666	5.921765327453613
172772.5	5.730882406234741
189329.2	6.1968324184417725
195628.83333333334	5.464339017868042
195049.85714285713	4.746646165847778
190862.5	4.619394063949585
194119.0	3.2565836906433105
197353.125	5.845736980438232
200404.5	5.736270427703857
203484.375	6.363420248031616
206597.0	6.88379693031311
209772.125	6.364211082458496
158633.0	7.100901365280151
160546.5	7.389702081680298
183104.66666666666	8.705652236938477
208697.5	10.013241529464722
234082.8	11.222990989685059
253165.0	10.833014965057373
258570.14285714287	8.736836910247803
256034.0	8.313473224639893
260917.0	7.387073040008545
265515.0	8.501912117004395
269913.375	9.856853723526001
274379.875	11.087599754333496
278934.125	12.24172329902649
283767.5	11.277938842773438
288819.25	10.094290018081665
293842.125	8.009249210357666
298813.0	7.7850189208984375
303434.5	8.81419062614441
307537.5	11.013975143432617
311707.625	11.28194808959961
37101.0	1.304471492767334
41277.0	1.4147515296936035
50369.333333333336	2.0348892211914062
59990.75	1.9410984516143799
69139.0	2.239941358566284
75361.0	2.1840744018554688
76795.57142857143	1.8208262920379639
75421.625	1.7466115951538086
77056.0	1.41066312789917
76758.375	1.4048726558685303
75025.75	1.7242462635040283
73638.25	1.8936078548431396
72627.75	2.4973056316375732
73526.125	2.3561084270477295
76590.75	2.3233866691589355
73965.0	1.708261251449585
72174.0	1.6801352500915527
68714.0	1.3703410625457764
65055.5	1.551858901977539
61869.4	1.2863731384277344
60492.333333333336	1.3424677848815918
60902.857142857145	1.6866862773895264
62288.0	1.7999978065490723
62962.5	1.590162754058838
63878.0	1.8479280471801758
64843.75	1.8250274658203125
65821.75	1.4772343635559082
66760.625	1.4635708332061768
67650.25	1.779500961303711
68389.125	1.8574957847595215
69104.375	1.8941950798034668
69811.625	2.2160391807556152
70471.5	1.9394240379333496
71220.75	1.8843622207641602
71991.375	1.5293891429901123
72819.5	1.8002994060516357
37101.0	1.0688543319702148
41277.0	1.6211435794830322
50369.333333333336	1.7592520713806152
59990.75	2.1718530654907227
69139.0	2.2453668117523193
75361.0	2.178804874420166
76795.57142857143	1.7898952960968018
75421.625	1.4532485008239746
77056.0	1.1095409393310547
76758.375	1.3603441715240479
75025.75	1.692183017730713
73638.25	2.0925416946411133
72627.75	2.2266170978546143
73526.125	2.2888193130493164
76590.75	2.4911530017852783
118036.0	4.008955478668213
135824.0	4.781928300857544
154802.66666666666	5.521649599075317
172772.5	6.253817081451416
189329.2	6.282166957855225
195628.83333333334	5.574891090393066
195049.85714285713	4.807557582855225
190862.5	4.118292331695557
194119.0	3.228954792022705
197353.125	5.931271553039551
200404.5	5.747572422027588
203484.375	6.75763201713562
206597.0	6.786128282546997
209772.125	6.241361856460571
18916.0	0.40796518325805664
17926.5	0.40126872062683105
17038.666666666668	0.3044931888580322
16421.25	0.3907485008239746
16335.2	0.4129629135131836
16569.5	0.32741594314575195
17018.14285714286	0.4290177822113037
17518.875	0.4341099262237549
17670.5	0.43319082260131836
17891.375	0.41164135932922363
18098.375	0.40296244621276855
18281.125	0.3161046504974365
18367.0	0.40180277824401855
158633.0	6.190164089202881
160546.5	7.320611476898193
183104.66666666666	9.457486867904663
208697.5	9.874711036682129
234082.8	11.80340838432312
253165.0	11.694579601287842
258570.14285714287	8.756905794143677
256034.0	8.420475244522095
260917.0	4.109672546386719
265515.0	8.56796669960022
269913.375	9.850072383880615
274379.875	11.16624665260315
278934.125	11.404727458953857
283767.5	12.102067708969116
288819.25	10.831671714782715
293842.125	9.019153118133545
298813.0	8.637938737869263
303434.5	9.733713388442993
307537.5	11.048770427703857
311707.625	12.196819543838501
37101.0	1.055570363998413
41277.0	1.6232531070709229
50369.333333333336	1.7895605564117432
59990.75	2.167665958404541
69139.0	2.2962164878845215
75361.0	1.9953036308288574
76795.57142857143	1.8279461860656738
75421.625	1.6963636875152588
77056.0	1.1244821548461914
76758.375	1.1299667358398438
75025.75	1.6821846961975098
73638.25	2.07505202293396
72627.75	2.2045042514801025
73526.125	2.2685062885284424
76590.75	2.4817399978637695
18916.0	0.31939029693603516
17926.5	0.3996274471282959
17038.666666666668	0.3938634395599365
16421.25	0.3121523857116699
16335.2	0.4102463722229004
16569.5	0.4334092140197754
17018.14285714286	0.43539857864379883
17518.875	0.4412193298339844
17670.5	0.4197580814361572
17891.375	0.4182286262512207
18098.375	0.4091179370880127
18281.125	0.31302618980407715
18367.0	0.4029734134674072
158633.0	6.23896598815918
160546.5	7.442384243011475
183104.66666666666	8.630642652511597
208697.5	10.70366907119751
234082.8	10.997360706329346
253165.0	11.211862087249756
258570.14285714287	9.035306453704834
256034.0	8.644523859024048
260917.0	5.938953638076782
265515.0	8.740653991699219
269913.375	10.123863935470581
274379.875	11.333441734313965
278934.125	13.258152961730957
283767.5	12.369669675827026
288819.25	11.024972438812256
293842.125	8.963327646255493
298813.0	8.765359163284302
303434.5	9.028545141220093
307537.5	12.167050123214722
311707.625	10.808283567428589
73965.0	1.7265684604644775
72174.0	1.731182336807251
68714.0	1.3801054954528809
65055.5	1.3415274620056152
61869.4	1.3231983184814453
60492.333333333336	1.668285846710205
60902.857142857145	1.4424562454223633
62288.0	1.7934343814849854
62962.5	1.255847454071045
63878.0	2.0693471431732178
64843.75	1.4177157878875732
65821.75	1.6611638069152832
66760.625	1.3648204803466797
67650.25	1.4123950004577637
68389.125	1.7466795444488525
69104.375	2.1248950958251953
69811.625	1.8711118698120117
70471.5	1.837585687637329
71220.75	1.7811493873596191
71991.375	1.7235803604125977
72819.5	1.427027940750122
118036.0	3.9669647216796875
135824.0	4.742802143096924
154802.66666666666	5.574156284332275
172772.5	6.2499072551727295
189329.2	6.25657844543457
195628.83333333334	5.144622087478638
195049.85714285713	5.320288181304932
190862.5	4.82378077507019
194119.0	3.3892550468444824
197353.125	6.065551280975342
200404.5	5.932888984680176
203484.375	7.222124814987183
206597.0	6.640069961547852
209772.125	6.568077802658081
18916.0	0.41034507751464844
17926.5	0.39518022537231445
17038.666666666668	0.3918015956878662
16421.25	0.3055863380432129
16335.2	0.40018343925476074
16569.5	0.41226744651794434
17018.14285714286	0.42911672592163086
17518.875	0.43376588821411133
17670.5	0.3287053108215332
17891.375	0.407167911529541
18098.375	0.3985910415649414
18281.125	0.39607858657836914
18367.0	0.3140528202056885
73965.0	1.6668784618377686
72174.0	1.6542656421661377
68714.0	1.3477413654327393
65055.5	1.2898268699645996
61869.4	1.2927024364471436
60492.333333333336	1.603987455368042
60902.857142857145	1.3934056758880615
62288.0	1.7470316886901855
62962.5	1.52986741065979
63878.0	1.7512125968933105
64843.75	1.4111089706420898
65821.75	1.6517434120178223
66760.625	1.3828730583190918
67650.25	1.6717884540557861
68389.125	1.7269296646118164
69104.375	1.7991738319396973
69811.625	1.8552768230438232
70471.5	1.85483717918396
71220.75	1.784087896347046
71991.375	1.735318899154663
72819.5	1.423914909362793
37101.0	1.0383069515228271
41277.0	1.5841522216796875
50369.333333333336	1.7495009899139404
59990.75	2.09946346282959
69139.0	2.2230384349823
75361.0	2.132763147354126
76795.57142857143	1.7338652610778809
75421.625	1.4024903774261475
77056.0	1.3035204410552979
76758.375	1.3250746726989746
75025.75	1.6512370109558105
73638.25	1.8132593631744385
72627.75	2.364661693572998
73526.125	2.2339928150177
76590.75	2.2005112171173096
118036.0	3.9267120361328125
135824.0	5.149478912353516
154802.66666666666	5.431299924850464
172772.5	6.172775506973267
189329.2	6.680854082107544
195628.83333333334	5.1240456104278564
195049.85714285713	4.856682300567627
190862.5	4.638023376464844
194119.0	3.2808327674865723
197353.125	5.736307144165039
200404.5	5.643917798995972
203484.375	6.351434230804443
206597.0	6.91406774520874
209772.125	6.725035190582275
158633.0	6.212242126464844
160546.5	7.298861503601074
183104.66666666666	8.686511278152466
208697.5	10.878193140029907
234082.8	11.04549264907837
253165.0	10.925817251205444
258570.14285714287	8.829283475875854
256034.0	7.600246906280518
260917.0	4.911741733551025
265515.0	9.242188692092896
269913.375	8.836535453796387
274379.875	11.727761030197144
278934.125	12.102198600769043
283767.5	10.313386917114258
288819.25	10.747147560119629
293842.125	8.673991680145264
298813.0	5.983845949172974
303434.5	9.540594339370728
307537.5	10.814356327056885
311707.625	11.846693515777588
37101.0	1.0469143390655518
41277.0	1.6218593120574951
50369.333333333336	1.7888686656951904
59990.75	2.1510214805603027
69139.0	2.284245014190674
75361.0	2.220662832260132
76795.57142857143	1.8346898555755615
75421.625	1.4715008735656738
77056.0	1.1498453617095947
76758.375	1.620732069015503
75025.75	1.5050623416900635
73638.25	2.1036410331726074
72627.75	2.286534547805786
73526.125	2.324592351913452
76590.75	2.325328826904297
158633.0	6.995944976806641
160546.5	7.305227994918823
183104.66666666666	8.758411169052124
208697.5	10.855512857437134
234082.8	11.122641801834106
253165.0	10.128927230834961
258570.14285714287	8.676501274108887
256034.0	8.357990026473999
260917.0	8.092780828475952
265515.0	8.385780096054077
269913.375	9.632408857345581
274379.875	10.905276536941528
278934.125	12.90562915802002
283767.5	11.964607238769531
288819.25	10.677189588546753
293842.125	8.834151029586792
298813.0	8.612070560455322
303434.5	9.666820049285889
307537.5	10.197399854660034
311707.625	11.253336191177368
73965.0	1.7305622100830078
72174.0	1.7117726802825928
68714.0	1.3526225090026855
65055.5	1.3014593124389648
61869.4	1.2937896251678467
60492.333333333336	1.6197841167449951
60902.857142857145	1.4131414890289307
62288.0	1.7439095973968506
62962.5	1.5656330585479736
63878.0	1.796309232711792
64843.75	1.4210894107818604
65821.75	1.680617332458496
66760.625	1.3820397853851318
67650.25	1.7130835056304932
68389.125	1.8227732181549072
69104.375	1.8895912170410156
69811.625	1.9055469036102295
70471.5	1.9059627056121826
71220.75	1.818335771560669
71991.375	1.76481032371521
72819.5	1.4588143825531006
118036.0	4.407718658447266
135824.0	4.780065298080444
154802.66666666666	5.415911912918091
172772.5	6.132812738418579
189329.2	6.193948268890381
195628.83333333334	6.087415933609009
195049.85714285713	4.9934821128845215
190862.5	4.761981725692749
194119.0	3.893601894378662
197353.125	5.983929872512817
200404.5	5.786931753158569
203484.375	7.012915372848511
206597.0	7.112417936325073
209772.125	6.5603649616241455
18916.0	0.4037957191467285
17926.5	0.3124220371246338
17038.666666666668	0.38905906677246094
16421.25	0.40169692039489746
16335.2	0.3317391872406006
16569.5	0.4212000370025635
17018.14285714286	0.47290730476379395
17518.875	0.458237886428833
17670.5	0.4438657760620117
17891.375	0.42537903785705566
18098.375	0.3336832523345947
18281.125	0.4186105728149414
18367.0	0.42743730545043945
158633.0	6.242429494857788
160546.5	6.549009561538696
183104.66666666666	9.613999605178833
208697.5	10.9431312084198
234082.8	10.260186910629272
253165.0	11.7971510887146
258570.14285714287	8.871381044387817
256034.0	8.572120904922485
260917.0	5.824066162109375
265515.0	9.297062635421753
269913.375	9.774346590042114
274379.875	11.088766098022461
278934.125	13.090113639831543
283767.5	11.348025560379028
288819.25	11.120400428771973
293842.125	9.041942358016968
298813.0	5.351521015167236
303434.5	8.931048393249512
307537.5	11.08629059791565
311707.625	11.410943031311035
18916.0	0.4119446277618408
17926.5	0.3118171691894531
17038.666666666668	0.39061808586120605
16421.25	0.3898639678955078
16335.2	0.31542181968688965
16569.5	0.4106180667877197
17018.14285714286	0.4279625415802002
17518.875	0.43804049491882324
17670.5	0.44722962379455566
17891.375	0.4506988525390625
18098.375	0.3437058925628662
18281.125	0.42553186416625977
18367.0	0.42783236503601074
73965.0	1.6857798099517822
72174.0	1.6647226810455322
68714.0	1.320295810699463
65055.5	1.2860643863677979
61869.4	1.310983419418335
60492.333333333336	1.6121525764465332
60902.857142857145	1.4099407196044922
62288.0	1.716015338897705
62962.5	1.213911533355713
63878.0	1.98567533493042
64843.75	1.396562099456787
65821.75	1.6172757148742676
66760.625	1.3287467956542969
67650.25	1.6424503326416016
68389.125	1.4278936386108398
69104.375	2.028364896774292
69811.625	1.791853427886963
70471.5	1.7624855041503906
71220.75	1.699260950088501
71991.375	1.6831634044647217
72819.5	1.6406633853912354
37101.0	1.0464403629302979
41277.0	1.580815315246582
50369.333333333336	1.7430078983306885
59990.75	2.1033730506896973
69139.0	2.187281608581543
75361.0	2.189512014389038
76795.57142857143	1.7790491580963135
75421.625	1.4306411743164062
77056.0	1.107146978378296
76758.375	1.325228214263916
75025.75	1.6723780632019043
73638.25	2.050798177719116
72627.75	2.2039756774902344
73526.125	2.2796008586883545
76590.75	2.482933282852173
118036.0	3.948431968688965
135824.0	4.715096950531006
154802.66666666666	5.55113673210144
172772.5	6.2408342361450195
189329.2	6.307171106338501
195628.83333333334	5.619657039642334
195049.85714285713	4.810349702835083
190862.5	4.133539915084839
194119.0	3.228440523147583
197353.125	5.8600311279296875
200404.5	5.732406854629517
203484.375	6.89967155456543
206597.0	6.904330492019653
209772.125	6.355711936950684
37101.0	1.252549648284912
41277.0	1.3689289093017578
50369.333333333336	1.754169225692749
59990.75	2.134852170944214
69139.0	2.2444164752960205
75361.0	2.195237398147583
76795.57142857143	2.0020008087158203
75421.625	1.4290556907653809
77056.0	0.8969318866729736
76758.375	1.3340184688568115
75025.75	1.6805925369262695
73638.25	1.8123538494110107
72627.75	2.179349899291992
73526.125	2.466095447540283
76590.75	2.237210273742676
73965.0	1.6964106559753418
72174.0	1.6828844547271729
68714.0	1.3643674850463867
65055.5	1.3010516166687012
61869.4	1.2852344512939453
60492.333333333336	1.613433599472046
60902.857142857145	1.4007234573364258
62288.0	1.7304980754852295
62962.5	1.2147457599639893
63878.0	1.7288169860839844
64843.75	1.662276029586792
65821.75	1.3473906517028809
66760.625	1.6089696884155273
67650.25	1.6567473411560059
68389.125	1.4425742626190186
69104.375	2.0465729236602783
69811.625	1.8052880764007568
70471.5	1.764831304550171
71220.75	1.7024567127227783
71991.375	1.688429355621338
72819.5	1.3992030620574951
18916.0	0.3135392665863037
17926.5	0.39272308349609375
17038.666666666668	0.3865971565246582
16421.25	0.29810142517089844
16335.2	0.39308667182922363
16569.5	0.44705629348754883
17018.14285714286	0.45689988136291504
17518.875	0.47980237007141113
17670.5	0.3602895736694336
17891.375	0.446012020111084
18098.375	0.4477882385253906
18281.125	0.35962986946105957
18367.0	0.45448946952819824
118036.0	3.464268445968628
135824.0	4.662274599075317
154802.66666666666	5.878501892089844
172772.5	5.679202556610107
189329.2	6.155067682266235
195628.83333333334	5.479730844497681
195049.85714285713	4.921804189682007
190862.5	4.726412773132324
194119.0	3.3364505767822266
197353.125	5.908735990524292
200404.5	5.7583465576171875
203484.375	6.4604504108428955
206597.0	6.995113372802734
209772.125	6.449150085449219
158633.0	7.048528671264648
160546.5	7.273548126220703
183104.66666666666	8.5518479347229
208697.5	9.853676080703735
234082.8	11.089149951934814
253165.0	11.075099468231201
258570.14285714287	9.314836502075195
256034.0	8.923365116119385
260917.0	7.8142054080963135
265515.0	8.982462644577026
269913.375	10.340059995651245
274379.875	11.712615966796875
278934.125	12.76477313041687
283767.5	11.95610761642456
288819.25	10.586675882339478
293842.125	8.561223268508911
298813.0	8.221508979797363
303434.5	9.233250856399536
307537.5	11.669545412063599
311707.625	12.016098499298096
73965.0	1.6938176155090332
72174.0	1.6747260093688965
68714.0	1.6390573978424072
65055.5	1.325693130493164
61869.4	1.3069095611572266
60492.333333333336	1.3458340167999268
60902.857142857145	1.694108247756958
62288.0	1.7511084079742432
62962.5	1.2235932350158691
63878.0	2.0337607860565186
64843.75	1.4076852798461914
65821.75	1.6350123882293701
66760.625	1.3671648502349854
67650.25	1.6917688846588135
68389.125	1.7660613059997559
69104.375	1.8079044818878174
69811.625	1.8431098461151123
70471.5	1.8081634044647217
71220.75	1.762253761291504
71991.375	1.423734188079834
72819.5	1.6793670654296875
18916.0	0.31644368171691895
17926.5	0.39252805709838867
17038.666666666668	0.39293837547302246
16421.25	0.39553165435791016
16335.2	0.3129920959472656
16569.5	0.4242856502532959
17018.14285714286	0.4361708164215088
17518.875	0.44325685501098633
17670.5	0.3340120315551758
17891.375	0.4169018268585205
18098.375	0.39758944511413574
18281.125	0.40140438079833984
18367.0	0.3127622604370117
37101.0	1.2769181728363037
41277.0	1.3629441261291504
50369.333333333336	1.9798526763916016
59990.75	1.911935806274414
69139.0	2.210009813308716
75361.0	2.1285388469696045
76795.57142857143	1.7553038597106934
75421.625	1.421173334121704
77056.0	1.3162271976470947
76758.375	1.327383279800415
75025.75	1.666243553161621
73638.25	1.8128490447998047
72627.75	2.1796200275421143
73526.125	2.4868736267089844
76590.75	2.320483446121216
118036.0	3.9659721851348877
135824.0	4.740803003311157
154802.66666666666	5.969341278076172
172772.5	5.666996002197266
189329.2	6.1973021030426025
195628.83333333334	5.016307830810547
195049.85714285713	5.205255031585693
190862.5	4.1390626430511475
194119.0	3.6810247898101807
197353.125	5.338602542877197
200404.5	5.653862237930298
203484.375	6.356167316436768
206597.0	6.851946592330933
209772.125	6.301187753677368
158633.0	7.112720012664795
160546.5	7.32978892326355
183104.66666666666	8.674084901809692
208697.5	9.9010329246521
234082.8	11.853813409805298
253165.0	10.039329767227173
258570.14285714287	8.785208225250244
256034.0	8.5247962474823
260917.0	4.131356716156006
265515.0	9.444715023040771
269913.375	9.994864225387573
274379.875	11.378692626953125
278934.125	13.525036811828613
283767.5	11.59624195098877
288819.25	10.968092203140259
293842.125	8.903093814849854
298813.0	5.437939167022705
303434.5	8.97791075706482
307537.5	11.155814170837402
311707.625	11.483375787734985
37101.0	1.0584521293640137
41277.0	1.649381399154663
50369.333333333336	1.790794849395752
59990.75	2.167776346206665
69139.0	2.247272491455078
75361.0	1.9799528121948242
76795.57142857143	1.7961292266845703
75421.625	1.6629698276519775
77056.0	1.130469799041748
76758.375	1.131890058517456
75025.75	1.6844241619110107
73638.25	2.088627576828003
72627.75	2.2575135231018066
73526.125	2.3103933334350586
76590.75	2.581836700439453
73965.0	1.9774835109710693
72174.0	1.4057188034057617
68714.0	1.6382830142974854
65055.5	1.3094110488891602
61869.4	1.2993042469024658
60492.333333333336	1.335031509399414
60902.857142857145	1.6850237846374512
62288.0	1.739518165588379
62962.5	1.2193551063537598
63878.0	2.027742385864258
64843.75	1.427380084991455
65821.75	1.6498017311096191
66760.625	1.338665246963501
67650.25	1.6592381000518799
68389.125	1.7546603679656982
69104.375	1.8288321495056152
69811.625	1.8192481994628906
70471.5	1.7823524475097656
71220.75	1.7337024211883545
71991.375	1.39894437789917
72819.5	1.6616227626800537
118036.0	3.95969295501709
135824.0	4.713416337966919
154802.66666666666	5.9893717765808105
172772.5	5.837129354476929
189329.2	6.3229241371154785
195628.83333333334	5.596060276031494
195049.85714285713	5.3178935050964355
190862.5	4.21757960319519
194119.0	2.823864698410034
197353.125	5.868608236312866
200404.5	5.680400133132935
203484.375	6.82159948348999
206597.0	6.8549933433532715
209772.125	6.290118932723999
18916.0	0.40218400955200195
17926.5	0.39115476608276367
17038.666666666668	0.2950921058654785
16421.25	0.38663434982299805
16335.2	0.40357255935668945
16569.5	0.3238673210144043
17018.14285714286	0.4259467124938965
17518.875	0.44373059272766113
17670.5	0.43265533447265625
17891.375	0.43270349502563477
18098.375	0.4164299964904785
18281.125	0.3222801685333252
18367.0	0.4156324863433838
158633.0	6.254048109054565
160546.5	7.387719392776489
183104.66666666666	9.576362371444702
208697.5	9.979824304580688
234082.8	12.067391872406006
253165.0	11.89503288269043
258570.14285714287	9.231875658035278
256034.0	8.829350471496582
260917.0	4.329359769821167
265515.0	8.732728719711304
269913.375	10.089543104171753
274379.875	11.438432693481445
278934.125	11.713030338287354
283767.5	12.562047004699707
288819.25	11.20181393623352
293842.125	9.375943422317505
298813.0	9.114371061325073
303434.5	10.22093677520752
307537.5	11.56169867515564
311707.625	12.484527111053467
18916.0	0.3144795894622803
17926.5	0.40963101387023926
17038.666666666668	0.3881857395172119
16421.25	0.40017151832580566
16335.2	0.31488680839538574
16569.5	0.4219229221343994
17018.14285714286	0.4299194812774658
17518.875	0.4319643974304199
17670.5	0.3309051990509033
17891.375	0.4074108600616455
18098.375	0.4028775691986084
18281.125	0.3090996742248535
18367.0	0.42364501953125
118036.0	4.386554956436157
135824.0	4.732601642608643
154802.66666666666	5.445920467376709
172772.5	5.67016339302063
189329.2	6.680749416351318
195628.83333333334	5.476525068283081
195049.85714285713	4.738424062728882
190862.5	4.166311740875244
194119.0	4.118106365203857
197353.125	5.4386491775512695
200404.5	5.693954706192017
203484.375	6.828263998031616
206597.0	6.4234840869903564
209772.125	6.772705793380737
158633.0	6.300534963607788
160546.5	7.431441307067871
183104.66666666666	9.613917827606201
208697.5	10.96070408821106
234082.8	10.95013427734375
253165.0	10.831082820892334
258570.14285714287	8.746217250823975
256034.0	7.530131816864014
260917.0	4.851441860198975
265515.0	9.223761081695557
269913.375	8.923866271972656
274379.875	11.825854301452637
278934.125	12.061227083206177
283767.5	10.323746681213379
288819.25	10.743181467056274
293842.125	8.835323095321655
298813.0	6.0860748291015625
303434.5	9.725077152252197
307537.5	10.869208812713623
311707.625	11.935962438583374
37101.0	1.0672023296356201
41277.0	1.639632225036621
50369.333333333336	1.784968376159668
59990.75	2.171099901199341
69139.0	2.22643780708313
75361.0	2.176222562789917
76795.57142857143	1.791487455368042
75421.625	1.4347527027130127
77056.0	1.1295561790466309
76758.375	1.5558497905731201
75025.75	1.4799261093139648
73638.25	2.0766191482543945
72627.75	2.237581253051758
73526.125	2.302222490310669
76590.75	2.268665313720703
73965.0	1.7445306777954102
72174.0	1.6879196166992188
68714.0	1.3653531074523926
65055.5	1.301934003829956
61869.4	1.3248815536499023
60492.333333333336	1.6344425678253174
60902.857142857145	1.4403307437896729
62288.0	1.8396961688995361
62962.5	1.2462799549102783
63878.0	1.756993293762207
64843.75	1.7250912189483643
65821.75	1.434901475906372
66760.625	1.7037451267242432
67650.25	1.7808778285980225
68389.125	1.556091547012329
69104.375	2.2083628177642822
69811.625	1.9922397136688232
70471.5	1.95216703414917
71220.75	1.906745433807373
71991.375	1.848235845565796
72819.5	1.5217678546905518
73965.0	1.7305707931518555
72174.0	1.716428279876709
68714.0	1.649038553237915
65055.5	1.3142850399017334
61869.4	1.3082764148712158
60492.333333333336	1.3702068328857422
60902.857142857145	1.6954288482666016
62288.0	1.768526554107666
62962.5	1.2650978565216064
63878.0	2.0791914463043213
64843.75	1.4395108222961426
65821.75	1.6705851554870605
66760.625	1.3795080184936523
67650.25	1.7053437232971191
68389.125	1.8009686470031738
69104.375	1.8676505088806152
69811.625	1.874565839767456
70471.5	1.8476731777191162
71220.75	1.825392723083496
71991.375	1.4976601600646973
72819.5	1.7664642333984375
158633.0	7.172067165374756
160546.5	7.423510789871216
183104.66666666666	8.803557634353638
208697.5	10.994392395019531
234082.8	11.193519115447998
253165.0	10.081679105758667
258570.14285714287	9.685961723327637
256034.0	7.630531549453735
260917.0	5.800178289413452
265515.0	8.535454273223877
269913.375	9.915703058242798
274379.875	11.183734893798828
278934.125	12.231127262115479
283767.5	11.295694589614868
288819.25	10.050350666046143
293842.125	8.012490272521973
298813.0	7.718845367431641
303434.5	8.882053852081299
307537.5	11.26219654083252
311707.625	11.605611324310303
37101.0	1.273625373840332
41277.0	1.3758015632629395
50369.333333333336	2.002671718597412
59990.75	1.9540019035339355
69139.0	2.245838165283203
75361.0	2.169996976852417
76795.57142857143	1.7850499153137207
75421.625	1.652655839920044
77056.0	1.3307173252105713
76758.375	1.344454288482666
75025.75	1.6865954399108887
73638.25	1.859886884689331
72627.75	2.4642138481140137
73526.125	2.281942367553711
76590.75	2.3106582164764404
18916.0	0.40196871757507324
17926.5	0.40258002281188965
17038.666666666668	0.3815133571624756
16421.25	0.2991483211517334
16335.2	0.4015669822692871
16569.5	0.4086639881134033
17018.14285714286	0.4225146770477295
17518.875	0.42551684379577637
17670.5	0.33190321922302246
17891.375	0.4013795852661133
18098.375	0.4034724235534668
18281.125	0.3076450824737549
18367.0	0.4073524475097656
118036.0	4.030104875564575
135824.0	4.733156442642212
154802.66666666666	5.954765558242798
172772.5	5.756757736206055
189329.2	5.7795844078063965
195628.83333333334	5.992498874664307
195049.85714285713	4.772867918014526
190862.5	4.155138969421387
194119.0	3.6991233825683594
197353.125	5.355301380157471
200404.5	5.652480602264404
203484.375	6.801112651824951
206597.0	6.83954119682312
209772.125	6.296301364898682
158633.0	7.084674835205078
160546.5	7.324892520904541
183104.66666666666	8.81918215751648
208697.5	10.107788324356079
234082.8	11.181389808654785
253165.0	10.91262435913086
258570.14285714287	8.775616884231567
256034.0	8.537141799926758
260917.0	7.851288080215454
265515.0	9.183688402175903
269913.375	10.299013614654541
274379.875	11.948246240615845
278934.125	13.04425573348999
283767.5	12.049808740615845
288819.25	10.364501476287842
293842.125	8.515108108520508
298813.0	8.411537885665894
303434.5	9.461734771728516
307537.5	11.691287279129028
311707.625	12.078317165374756
37101.0	1.2635064125061035
41277.0	1.3805456161499023
50369.333333333336	1.9758834838867188
59990.75	1.9087674617767334
69139.0	2.1976125240325928
75361.0	2.1676478385925293
76795.57142857143	1.7722210884094238
75421.625	1.6584815979003906
77056.0	1.3341219425201416
76758.375	1.3506462574005127
75025.75	1.6821887493133545
73638.25	1.8325793743133545
72627.75	2.4605090618133545
73526.125	2.3196163177490234
76590.75	2.295121908187866
18916.0	0.41082119941711426
17926.5	0.3921666145324707
17038.666666666668	0.3851494789123535
16421.25	0.31003332138061523
16335.2	0.38999199867248535
16569.5	0.4143671989440918
17018.14285714286	0.4203190803527832
17518.875	0.42217302322387695
17670.5	0.3240807056427002
17891.375	0.4093186855316162
18098.375	0.40323591232299805
18281.125	0.30981016159057617
18367.0	0.4030015468597412
73965.0	1.699878215789795
72174.0	1.6655774116516113
68714.0	1.3807191848754883
65055.5	1.3160755634307861
61869.4	1.3054399490356445
60492.333333333336	1.3612275123596191
60902.857142857145	1.682088851928711
62288.0	1.742365837097168
62962.5	1.75407075881958
63878.0	1.7230761051177979
64843.75	1.6647202968597412
65821.75	1.357952356338501
66760.625	1.6160249710083008
67650.25	1.4027743339538574
68389.125	1.7565762996673584
69104.375	2.0868613719940186
69811.625	1.8231065273284912
70471.5	1.791741132736206
71220.75	1.7260119915008545
71991.375	1.684626817703247
72819.5	1.407369613647461
118036.0	3.9452884197235107
135824.0	4.770249128341675
154802.66666666666	5.985682249069214
172772.5	5.7893054485321045
189329.2	6.291110992431641
195628.83333333334	5.569442987442017
195049.85714285713	5.275766849517822
190862.5	4.226611852645874
194119.0	2.878981828689575
197353.125	5.887247085571289
200404.5	5.679334402084351
203484.375	6.886028051376343
206597.0	6.996465682983398
209772.125	6.404103517532349
73965.0	1.7071850299835205
72174.0	1.6953785419464111
68714.0	1.379509449005127
65055.5	1.3142728805541992
61869.4	1.3183577060699463
60492.333333333336	1.6440584659576416
60902.857142857145	1.4197916984558105
62288.0	1.750422716140747
62962.5	1.2292332649230957
63878.0	2.017947196960449
64843.75	1.4271645545959473
65821.75	1.6605844497680664
66760.625	1.3723163604736328
67650.25	1.3932690620422363
68389.125	1.727782964706421
69104.375	2.0721652507781982
69811.625	1.8233444690704346
70471.5	1.7771034240722656
71220.75	1.7334954738616943
71991.375	1.6823639869689941
72819.5	1.3779473304748535
18916.0	0.3131442070007324
17926.5	0.39138031005859375
17038.666666666668	0.38240694999694824
16421.25	0.2960503101348877
16335.2	0.40410661697387695
16569.5	0.41128087043762207
17018.14285714286	0.4264378547668457
17518.875	0.4301316738128662
17670.5	0.3323805332183838
17891.375	0.40528321266174316
18098.375	0.4044342041015625
18281.125	0.3062753677368164
18367.0	0.3996875286102295
118036.0	3.9584407806396484
135824.0	4.73577094078064
154802.66666666666	5.92974066734314
172772.5	6.225910902023315
189329.2	6.31528377532959
195628.83333333334	5.31456446647644
195049.85714285713	5.476667881011963
190862.5	4.367624044418335
194119.0	3.8817272186279297
197353.125	5.611301422119141
200404.5	5.920368194580078
203484.375	7.115442276000977
206597.0	7.179121017456055
209772.125	6.674161672592163
158633.0	7.0858378410339355
160546.5	7.366544008255005
183104.66666666666	8.690266370773315
208697.5	10.000610828399658
234082.8	11.25977349281311
253165.0	11.395904779434204
258570.14285714287	9.204748392105103
256034.0	8.753212690353394
260917.0	7.6966869831085205
265515.0	8.81637454032898
269913.375	10.359854698181152
274379.875	11.692047595977783
278934.125	12.879159450531006
283767.5	11.982338905334473
288819.25	10.62251615524292
293842.125	8.475780963897705
298813.0	8.218972444534302
303434.5	9.334897994995117
307537.5	11.353299379348755
311707.625	11.652470588684082
37101.0	1.2705681324005127
41277.0	1.3867239952087402
50369.333333333336	2.015951633453369
59990.75	1.9489119052886963
69139.0	2.311300277709961
75361.0	2.2446482181549072
76795.57142857143	1.864316701889038
75421.625	1.7265045642852783
77056.0	1.3701183795928955
76758.375	1.387568712234497
75025.75	1.8037216663360596
73638.25	2.0271475315093994
72627.75	2.5760886669158936
73526.125	2.3525898456573486
76590.75	2.290087938308716
118036.0	4.0330283641815186
135824.0	4.809357643127441
154802.66666666666	5.997379541397095
172772.5	5.797010660171509
189329.2	6.288331747055054
195628.83333333334	5.135164260864258
195049.85714285713	5.4980409145355225
190862.5	4.353034257888794
194119.0	3.8916287422180176
197353.125	5.656949996948242
200404.5	5.983384847640991
203484.375	6.709186553955078
206597.0	7.213896751403809
209772.125	6.634263515472412
73965.0	1.7231526374816895
72174.0	1.7124769687652588
68714.0	1.3580644130706787
65055.5	1.3154447078704834
61869.4	1.3005053997039795
60492.333333333336	1.6286370754241943
60902.857142857145	1.415114402770996
62288.0	1.7687122821807861
62962.5	1.5168554782867432
63878.0	1.8076012134552002
64843.75	1.5571534633636475
65821.75	1.767763376235962
66760.625	1.464301586151123
67650.25	1.8023297786712646
68389.125	1.8703198432922363
69104.375	1.956284761428833
69811.625	2.009571075439453
70471.5	1.9084279537200928
71220.75	1.9144971370697021
71991.375	1.8694696426391602
72819.5	1.5492994785308838
18916.0	0.4026167392730713
17926.5	0.3157975673675537
17038.666666666668	0.3914356231689453
16421.25	0.4103662967681885
16335.2	0.4230771064758301
16569.5	0.3469550609588623
17018.14285714286	0.4666736125946045
17518.875	0.4683670997619629
17670.5	0.46689438819885254
17891.375	0.4561917781829834
18098.375	0.43761706352233887
18281.125	0.3454780578613281
18367.0	0.44574904441833496
37101.0	1.0440986156463623
41277.0	1.6169085502624512
50369.333333333336	1.7715847492218018
59990.75	2.145817518234253
69139.0	2.23482346534729
75361.0	1.9357335567474365
76795.57142857143	1.791092872619629
75421.625	1.6255364418029785
77056.0	1.1232116222381592
76758.375	1.133554220199585
75025.75	1.6872093677520752
73638.25	2.090331792831421
72627.75	2.2204864025115967
73526.125	2.2669034004211426
76590.75	2.480639696121216
158633.0	6.203638553619385
160546.5	7.320148468017578
183104.66666666666	8.64549732208252
208697.5	9.863175868988037
234082.8	11.091283559799194
253165.0	12.088312864303589
258570.14285714287	9.266477823257446
256034.0	8.887845277786255
260917.0	5.942245244979858
265515.0	9.446760416030884
269913.375	9.979868173599243
274379.875	11.231359481811523
278934.125	13.237510681152344
283767.5	11.471214771270752
288819.25	11.047698736190796
293842.125	8.963351488113403
298813.0	5.4472997188568115
303434.5	8.997970342636108
307537.5	11.257967233657837
311707.625	11.686338901519775
18916.0	0.401843786239624
17926.5	0.30359697341918945
17038.666666666668	0.38665771484375
16421.25	0.38759469985961914
16335.2	0.3090493679046631
16569.5	0.4122507572174072
17018.14285714286	0.4205188751220703
17518.875	0.43028783798217773
17670.5	0.41718053817749023
17891.375	0.41257667541503906
18098.375	0.3114452362060547
18281.125	0.40365052223205566
18367.0	0.3989529609680176
37101.0	1.0471808910369873
41277.0	1.6036138534545898
50369.333333333336	1.7531154155731201
59990.75	2.120654821395874
69139.0	2.1950554847717285
75361.0	2.132676124572754
76795.57142857143	1.750600814819336
75421.625	1.4059410095214844
77056.0	0.881035327911377
76758.375	1.3104681968688965
75025.75	1.6446642875671387
73638.25	2.034003257751465
72627.75	2.1698596477508545
73526.125	2.2470703125
76590.75	2.2661008834838867
73965.0	1.715514898300171
72174.0	1.6731176376342773
68714.0	1.3274810314178467
65055.5	1.2808830738067627
61869.4	1.2813968658447266
60492.333333333336	1.59580659866333
60902.857142857145	1.3858702182769775
62288.0	1.713158369064331
62962.5	1.1958107948303223
63878.0	2.0504071712493896
64843.75	1.4463067054748535
65821.75	1.6894538402557373
66760.625	1.4267795085906982
67650.25	1.75789475440979
68389.125	1.5234203338623047
69104.375	2.1144442558288574
69811.625	1.8904192447662354
70471.5	1.83925199508667
71220.75	1.8691389560699463
71991.375	1.8194706439971924
72819.5	1.8024826049804688
158633.0	6.257204294204712
160546.5	6.527085065841675
183104.66666666666	9.56924319267273
208697.5	10.837536334991455
234082.8	10.292083263397217
253165.0	11.8865966796875
258570.14285714287	8.934149503707886
256034.0	8.70408844947815
260917.0	5.942010164260864
265515.0	9.50790524482727
269913.375	9.979496002197266
274379.875	11.373268604278564
278934.125	13.388813018798828
283767.5	11.602068185806274
288819.25	11.135068416595459
293842.125	9.15129566192627
298813.0	5.615295648574829
303434.5	9.35219669342041
307537.5	11.509027481079102
311707.625	11.922937631607056
118036.0	4.010336637496948
135824.0	4.844761848449707
154802.66666666666	5.647723913192749
172772.5	5.846085071563721
189329.2	6.304848670959473
195628.83333333334	5.600010395050049
195049.85714285713	5.361099720001221
190862.5	4.314607620239258
194119.0	2.917551040649414
197353.125	6.057119131088257
200404.5	5.89988899230957
203484.375	6.637312173843384
206597.0	7.586056232452393
209772.125	6.706108808517456
118036.0	3.567955732345581
135824.0	4.81928277015686
154802.66666666666	6.033864498138428
172772.5	6.2422730922698975
189329.2	6.351763486862183
195628.83333333334	5.151702165603638
195049.85714285713	5.353670120239258
190862.5	4.234237194061279
194119.0	2.8761649131774902
197353.125	6.054232835769653
200404.5	5.888822317123413
203484.375	7.067285776138306
206597.0	7.139521598815918
209772.125	7.038379907608032
37101.0	1.0677647590637207
41277.0	1.6304388046264648
50369.333333333336	1.7965548038482666
59990.75	2.1828598976135254
69139.0	2.229503870010376
75361.0	2.143434762954712
76795.57142857143	1.7845664024353027
75421.625	1.425973892211914
77056.0	1.3315925598144531
76758.375	1.3616034984588623
75025.75	1.7106528282165527
73638.25	1.8763456344604492
72627.75	2.238309144973755
73526.125	2.514547348022461
76590.75	2.2568914890289307
73965.0	1.7018322944641113
72174.0	1.675825595855713
68714.0	1.6129770278930664
65055.5	1.2938168048858643
61869.4	1.3007152080535889
60492.333333333336	1.3622708320617676
60902.857142857145	1.6973481178283691
62288.0	1.73716139793396
62962.5	1.2129743099212646
63878.0	2.001077175140381
64843.75	1.4029483795166016
65821.75	1.6351420879364014
66760.625	1.3616228103637695
67650.25	1.6877467632293701
68389.125	1.754011631011963
69104.375	1.8128128051757812
69811.625	1.8500115871429443
70471.5	1.7906973361968994
71220.75	1.7410073280334473
71991.375	1.418696641921997
72819.5	1.6632664203643799
158633.0	7.314365863800049
160546.5	7.344243288040161
183104.66666666666	8.610782384872437
208697.5	10.734699010848999
234082.8	11.044751167297363
253165.0	10.041343927383423
258570.14285714287	9.6674325466156
256034.0	7.613692045211792
260917.0	5.736461877822876
265515.0	8.437826871871948
269913.375	9.846136093139648
274379.875	11.130945682525635
278934.125	12.373332738876343
283767.5	11.436446905136108
288819.25	10.228700399398804
293842.125	8.125953197479248
298813.0	7.7116124629974365
303434.5	9.239418268203735
307537.5	11.055919885635376
311707.625	11.227552652359009
18916.0	0.4087488651275635
17926.5	0.3107614517211914
17038.666666666668	0.38530683517456055
16421.25	0.39493250846862793
16335.2	0.31160974502563477
16569.5	0.41481685638427734
17018.14285714286	0.42723512649536133
17518.875	0.4353208541870117
17670.5	0.4216628074645996
17891.375	0.3204479217529297
18098.375	0.4064748287200928
18281.125	0.4025397300720215
18367.0	0.4051387310028076
118036.0	3.9718005657196045
135824.0	4.741407155990601
154802.66666666666	5.503612995147705
172772.5	6.172305107116699
189329.2	6.217867612838745
195628.83333333334	5.070406675338745
195049.85714285713	5.224712133407593
190862.5	4.6176979541778564
194119.0	3.2327423095703125
197353.125	5.79613733291626
200404.5	5.657458305358887
203484.375	6.868656396865845
206597.0	6.554980278015137
209772.125	6.434037208557129
18916.0	0.41775012016296387
17926.5	0.39859509468078613
17038.666666666668	0.3889591693878174
16421.25	0.29342150688171387
16335.2	0.39397764205932617
16569.5	0.4138484001159668
17018.14285714286	0.4216129779815674
17518.875	0.430164098739624
17670.5	0.3262779712677002
17891.375	0.42005038261413574
18098.375	0.40152907371520996
18281.125	0.4057505130767822
18367.0	0.3157670497894287
37101.0	1.0554461479187012
41277.0	1.5888566970825195
50369.333333333336	1.7446255683898926
59990.75	2.1042957305908203
69139.0	2.22724986076355
75361.0	2.177208185195923
76795.57142857143	1.7910690307617188
75421.625	1.4266562461853027
77056.0	1.102726936340332
76758.375	1.3070588111877441
75025.75	1.6444599628448486
73638.25	2.0505008697509766
72627.75	2.168421506881714
73526.125	2.228908061981201
76590.75	2.435293674468994
73965.0	1.6950526237487793
72174.0	1.665090560913086
68714.0	1.3162415027618408
65055.5	1.2742750644683838
61869.4	1.2647979259490967
60492.333333333336	1.6019213199615479
60902.857142857145	1.3880805969238281
62288.0	1.7407524585723877
62962.5	1.2073664665222168
63878.0	1.734119176864624
64843.75	1.675293207168579
65821.75	1.3594977855682373
66760.625	1.6200487613677979
67650.25	1.6782922744750977
68389.125	1.4525840282440186
69104.375	2.0645697116851807
69811.625	1.8139581680297852
70471.5	1.743882656097412
71220.75	1.7233972549438477
71991.375	1.6730282306671143
72819.5	1.3602995872497559
158633.0	6.229892730712891
160546.5	7.386491298675537
183104.66666666666	9.574571132659912
208697.5	10.126246213912964
234082.8	12.235455989837646
253165.0	12.150265216827393
258570.14285714287	9.173479557037354
256034.0	8.773692607879639
260917.0	4.316678524017334
265515.0	8.709201335906982
269913.375	10.015251636505127
274379.875	11.35063362121582
278934.125	11.605042695999146
283767.5	12.234943866729736
288819.25	11.09641146659851
293842.125	9.128373384475708
298813.0	8.955683469772339
303434.5	10.337331056594849
307537.5	11.605090379714966
311707.625	12.698860883712769
37101.0	1.05556058883667
41277.0	1.6186902523040771
50369.333333333336	1.7708594799041748
59990.75	2.125054121017456
69139.0	2.2061119079589844
75361.0	1.9217641353607178
76795.57142857143	1.7710633277893066
75421.625	1.6359622478485107
77056.0	1.1044104099273682
76758.375	1.1343576908111572
75025.75	1.6623289585113525
73638.25	2.062377691268921
72627.75	2.1990807056427
73526.125	2.279083728790283
76590.75	2.6099328994750977
73965.0	1.968334436416626
72174.0	1.3950564861297607
68714.0	1.6258001327514648
65055.5	1.3237013816833496
61869.4	1.3293335437774658
60492.333333333336	1.3782670497894287
60902.857142857145	1.7285170555114746
62288.0	1.8181183338165283
62962.5	1.3068253993988037
63878.0	2.0934791564941406
64843.75	1.4830212593078613
65821.75	1.7299187183380127
66760.625	1.5029726028442383
67650.25	1.8394770622253418
68389.125	1.9295969009399414
69104.375	2.0106003284454346
69811.625	1.9639065265655518
70471.5	1.9025723934173584
71220.75	1.9018728733062744
71991.375	1.5743293762207031
72819.5	1.8190016746520996
158633.0	7.177881956100464
160546.5	7.381420373916626
183104.66666666666	8.655411005020142
208697.5	10.778263092041016
234082.8	11.121057033538818
253165.0	10.124276161193848
258570.14285714287	9.680250406265259
256034.0	7.597661733627319
260917.0	5.744061231613159
265515.0	8.463067770004272
269913.375	9.815162420272827
274379.875	11.00863003730774
278934.125	12.202985048294067
283767.5	11.547765493392944
288819.25	10.553950548171997
293842.125	8.463854312896729
298813.0	8.070157766342163
303434.5	9.267916917800903
307537.5	11.523428916931152
311707.625	11.966289281845093
118036.0	4.603914499282837
135824.0	4.505620956420898
154802.66666666666	6.267018556594849
172772.5	6.025130748748779
189329.2	7.0517497062683105
195628.83333333334	5.209315299987793
195049.85714285713	5.376789808273315
190862.5	4.694847822189331
194119.0	4.8225767612457275
197353.125	5.597970962524414
200404.5	5.942160129547119
203484.375	7.1627516746521
206597.0	6.732940912246704
209772.125	6.910476207733154
18916.0	0.4123399257659912
17926.5	0.31632566452026367
17038.666666666668	0.3946113586425781
16421.25	0.3909642696380615
16335.2	0.3122842311859131
16569.5	0.4267568588256836
17018.14285714286	0.4238710403442383
17518.875	0.4273507595062256
17670.5	0.41347241401672363
17891.375	0.32057976722717285
18098.375	0.3962867259979248
18281.125	0.40346670150756836
18367.0	0.39548635482788086
158633.0	6.388341426849365
160546.5	7.5330493450164795
183104.66666666666	8.832399606704712
208697.5	10.228766918182373
234082.8	11.340537309646606
253165.0	12.188531160354614
258570.14285714287	9.242263078689575
256034.0	8.887430906295776
260917.0	6.035376071929932
265515.0	9.561095714569092
269913.375	10.223505735397339
274379.875	11.611162424087524
278934.125	13.584277391433716
283767.5	11.671396255493164
288819.25	11.208248376846313
293842.125	9.173206329345703
298813.0	5.623993396759033
303434.5	9.321178674697876
307537.5	11.231867790222168
311707.625	11.603149890899658
37101.0	1.053246259689331
41277.0	1.6339364051818848
50369.333333333336	1.8118398189544678
59990.75	2.170499324798584
69139.0	2.244415044784546
75361.0	1.9465055465698242
76795.57142857143	1.808344841003418
75421.625	1.6687614917755127
77056.0	1.1168718338012695
76758.375	1.122091293334961
75025.75	1.6957237720489502
73638.25	2.1339221000671387
72627.75	2.2505927085876465
73526.125	2.2609620094299316
76590.75	2.5086395740509033
18916.0	0.31772661209106445
17926.5	0.4046061038970947
17038.666666666668	0.4127166271209717
16421.25	0.3052520751953125
16335.2	0.4103975296020508
16569.5	0.41846752166748047
17018.14285714286	0.43105173110961914
17518.875	0.44233155250549316
17670.5	0.4338095188140869
17891.375	0.40947461128234863
18098.375	0.4091227054595947
18281.125	0.31504321098327637
18367.0	0.4061605930328369
118036.0	3.5026214122772217
135824.0	4.750026702880859
154802.66666666666	6.013815641403198
172772.5	5.762139081954956
189329.2	6.249358892440796
195628.83333333334	5.5864880084991455
195049.85714285713	4.983880996704102
190862.5	4.745490789413452
194119.0	3.3725295066833496
197353.125	6.028392314910889
200404.5	5.956930637359619
203484.375	6.630135536193848
206597.0	7.06721043586731
209772.125	6.630683422088623
73965.0	1.7169487476348877
72174.0	1.7072908878326416
68714.0	1.4397010803222656
65055.5	1.6684494018554688
61869.4	1.3824985027313232
60492.333333333336	1.414236307144165
60902.857142857145	1.499358892440796
62288.0	2.1190764904022217
62962.5	1.5934803485870361
63878.0	1.8587045669555664
64843.75	1.511200189590454
65821.75	1.7443830966949463
66760.625	1.443307876586914
67650.25	1.7687344551086426
68389.125	1.8814923763275146
69104.375	1.9563543796539307
69811.625	1.9876792430877686
70471.5	1.9405903816223145
71220.75	1.885453701019287
71991.375	1.8153305053710938
72819.5	1.5111863613128662
18916.0	0.4082462787628174
17926.5	0.30606794357299805
17038.666666666668	0.3952343463897705
16421.25	0.3873610496520996
16335.2	0.40533971786499023
16569.5	0.32313036918640137
17018.14285714286	0.4186208248138428
17518.875	0.43207526206970215
17670.5	0.42009782791137695
17891.375	0.40728187561035156
18098.375	0.39940929412841797
18281.125	0.3095123767852783
18367.0	0.4015171527862549
158633.0	6.242597818374634
160546.5	7.337306499481201
183104.66666666666	8.656095504760742
208697.5	10.023963451385498
234082.8	11.174206256866455
253165.0	11.729642391204834
258570.14285714287	8.841138362884521
256034.0	8.698223352432251
260917.0	5.861270904541016
265515.0	9.411492347717285
269913.375	9.895490407943726
274379.875	11.196566104888916
278934.125	13.278521537780762
283767.5	11.546062707901001
288819.25	11.153845310211182
293842.125	8.919618129730225
298813.0	5.382410526275635
303434.5	8.916308879852295
307537.5	11.087276697158813
311707.625	11.453391075134277
37101.0	1.0552799701690674
41277.0	1.6434407234191895
50369.333333333336	1.8110027313232422
59990.75	2.195098638534546
69139.0	2.248311758041382
75361.0	1.944525957107544
76795.57142857143	1.7984230518341064
75421.625	1.657465934753418
77056.0	1.1550679206848145
76758.375	1.1550657749176025
75025.75	1.713512897491455
73638.25	2.1072375774383545
72627.75	2.2209720611572266
73526.125	2.285104513168335
76590.75	2.623298168182373
73965.0	1.9890353679656982
72174.0	1.4148516654968262
68714.0	1.637547254562378
65055.5	1.326831340789795
61869.4	1.309584140777588
60492.333333333336	1.361720323562622
60902.857142857145	1.6904699802398682
62288.0	1.7597920894622803
62962.5	1.2276647090911865
63878.0	2.042478084564209
64843.75	1.4206140041351318
65821.75	1.6636803150177002
66760.625	1.3805575370788574
67650.25	1.6913971900939941
68389.125	1.7546427249908447
69104.375	1.8302040100097656
69811.625	1.848036766052246
70471.5	1.804788589477539
71220.75	1.754347562789917
71991.375	1.4385535717010498
72819.5	1.7107160091400146
118036.0	4.003940582275391
135824.0	4.763916254043579
154802.66666666666	6.064115285873413
172772.5	5.7939534187316895
189329.2	6.251661062240601
195628.83333333334	5.629872560501099
195049.85714285713	5.294641733169556
190862.5	4.193136930465698
194119.0	2.806396722793579
197353.125	5.8748602867126465
200404.5	5.682697772979736
203484.375	6.837967395782471
206597.0	6.880461931228638
